115.91
81.8
77.44
95.34
91.43
91.45
102.66
81.55
115.28
116.37
82.17
96.02
96.26
95.67
84.16
108.27
113.54
93.29
117.19
128.15
93.41
98.68
73.63
78.66
75.95
100.85
96.22
95.45
82.21
87.27
110.97
78.09
74.35
96.44
85.92
116.64
103.63
119.2
115.65
77.96
79.32
103.15
100.44
97.42
87.06
93.77
94.79
107.03
116.54
81.13
108.12
104.44
77.83
120.71
69.1
109.91
129.53
106.54
112.32
96.01
109.7
130.63
111.37
113.04
81.68
95.54
89.46
76.72
89.25
99.08
125.98
112.93
87.66
91.21
98.32
98.87
93.78
96.91
65.98
89.89
99.21
93.22
88.99
105.57
104.32
111.59
114.03
57.75
97.81
131.18
107.93
89.61
108.35
112.4
86.98
115.71
106.16
93.48
127.85
102.38
