1 36.7282
2 36.8407
3 36.8719
4 37.2445
5 37.2847
6 37.2253
7 37.3222
8 37.3985
9 37.4668
10 37.336
11 37.4276
12 37.3789
13 37.2196
14 37.3832
15 37.5173
16 37.675
17 37.676
18 37.7943
19 37.8427
20 37.8231
21 37.8996
22 37.8726
23 38.0483
24 38.2146
25 38.1698
26 38.3481
27 38.6053
28 38.6301
29 38.6368
30 38.6597
31 38.6045
32 38.723
33 38.7689
34 38.4959
35 38.5905
36 38.5317
37 38.6122
38 38.6456
39 38.674
40 38.7006
41 38.672
42 38.5873
43 38.5607
44 38.6177
45 38.7749
46 38.6801
47 38.7043
48 38.6927
49 38.6935
50 38.7835
51 38.7658
52 38.8485
53 38.82
54 38.7147
55 38.5617
56 38.4663
57 38.498
58 38.7178
59 38.7089
60 38.7143
61 38.8168
62 38.7237
63 38.6666
64 38.9266
65 38.9166
66 38.9428
67 38.9506
68 38.9932
69 38.9551
70 38.8854
71 39.0072
72 38.8257
73 38.8711
74 38.7994
75 38.831
76 38.8157
77 38.6941
78 38.8051
79 38.837
80 38.8385
81 38.7495
82 38.7316
83 38.7258
84 38.7356
85 38.9335
86 38.9338
87 39.0185
88 38.8785
89 38.8025
90 38.8534
91 38.7321
92 38.806
93 39.084
94 39.1396
95 38.944
96 38.6837
97 38.5912
98 38.5805
99 38.6602
100 38.4945
101 38.6001
102 38.6755
103 38.7287
104 38.7368
105 39.0416
106 39.1601
107 39.0821
108 39.2264
109 39.2376
110 39.2776
111 39.0661
112 38.9656
113 38.997
114 38.9246
115 39.04
116 39.0017
117 38.9727
118 38.8867
119 38.9175
120 38.9148
121 38.8407
122 38.7126
123 38.671
124 38.8192
125 38.6884
126 38.6122
127 38.6344
128 38.6679
129 38.6366
130 38.6782
131 38.6917
132 38.6211
133 38.7473
134 38.9237
135 38.972
136 39.0471
137 39.0679
138 38.998
139 39.0226
140 38.8634
141 38.9644
142 38.9965
143 38.958
144 39.1387
145 39.1551
146 39.2147
147 39.0818
148 39.1195
149 38.9258
150 38.8614
151 38.672
152 38.6437
153 38.6756
154 38.8167
155 38.846
156 39.0215
157 39.0797
158 39.1834
159 39.2562
160 39.4264
161 39.5402
162 39.3484
163 39.3311
164 39.322
165 39.3475
166 39.2624
167 39.273
168 39.3552
169 39.2076
170 39.2422
171 39.0972
172 39.2557
173 39.3176
174 39.239
175 39.2922
176 39.1401
177 39.1062
178 39.2345
179 39.2951
180 39.3406
181 39.4005
182 39.3869
183 39.2595
184 39.3174
185 39.3226
186 39.3495
187 39.2982
188 39.2305
189 39.2087
190 39.2627
191 39.303
192 39.3352
193 39.3559
194 39.2981
195 39.3426
196 39.4215
197 39.2784
198 39.2767
199 39.2907
200 39.2107
201 39.1123
202 39.2175
203 39.0896
204 39.1085
205 39.1837
206 39.2278
207 39.2614
208 39.0864
209 39.2036
210 38.9589
211 38.7291
212 38.8447
213 39.0564
214 39.0749
215 39.1582
216 39.124
217 39.1505
218 38.8888
219 39.0492
220 39.0196
221 38.9206
222 38.9257
223 39.0985
224 39.3941
225 39.4331
226 39.2467
227 39.1264
228 39.0743
229 39.081
230 39.1121
231 39.068
232 39.0902
233 39.0704
234 38.9626
235 38.8649
236 38.8505
237 38.76
238 38.9298
239 39.0361
240 38.9988
241 38.9201
242 39.1412
243 39.1593
244 39.1827
245 38.981
246 38.8928
247 38.9159
248 38.9352
249 38.8386
250 38.9482
251 38.7571
252 38.5262
253 38.558
254 38.622
255 38.5397
256 38.5487
257 38.6033
258 38.6005
259 38.587
260 38.7252
261 38.527
262 38.5988
263 38.5924
264 38.6142
265 38.6903
266 38.6606
267 38.4047
268 38.4567
269 38.4988
270 38.5025
271 38.6609
272 38.9099
273 38.9954
274 38.9655
275 38.8339
276 38.8542
277 39.0876
278 39.0643
279 39.3332
280 39.3822
281 39.4326
282 39.3313
283 39.2592
284 39.2582
285 38.9404
286 39.1007
287 39.0317
288 38.923
289 38.9716
290 38.7693
291 38.6218
292 38.6982
293 38.7001
294 38.6436
295 38.4223
296 38.4189
297 38.2155
298 38.2599
299 38.0327
300 38.0511
301 38.1181
302 38.2941
303 38.21
304 38.1186
305 38.1697
306 38.2777
307 38.3042
308 38.4704
309 38.4771
310 38.5711
311 38.6596
312 38.7321
313 38.7381
314 38.9857
315 38.8644
316 38.7354
317 38.5809
318 38.6119
319 38.7796
320 38.7879
321 38.6435
322 38.4015
323 38.5021
324 38.5265
325 38.4012
326 38.6469
327 38.6861
328 38.6579
329 38.5897
330 38.5803
331 38.7149
332 38.5209
333 38.749
334 38.6148
335 38.6282
336 38.5104
337 38.589
338 38.5807
339 38.5908
340 38.7263
341 38.8557
342 38.764
343 38.6245
344 38.8203
345 38.9086
346 38.9474
347 39.0014
348 39.1031
349 39.0796
350 38.9767
351 38.9426
352 38.8221
353 38.8877
354 38.9266
355 38.9809
356 39.1587
357 39.3532
358 39.342
359 39.139
360 39.2451
361 39.2213
362 39.1806
363 39.3571
364 39.2875
365 39.2179
366 39.1187
367 39.0894
368 39.0855
369 39.0301
370 39.0564
371 39.1237
372 39.125
373 39.1486
374 38.9961
375 39.1919
376 39.3251
377 39.2675
378 39.2572
379 39.2235
380 39.283
381 39.1239
382 39.3143
383 39.4611
384 39.4383
385 39.4044
386 39.4498
387 39.3693
388 39.2999
389 39.3131
390 39.2459
391 39.3274
392 39.2702
393 39.4706
394 39.4335
395 39.5373
396 39.3199
397 39.3504
398 39.2886
399 39.4003
400 39.3724
401 39.3017
402 39.1979
403 39.2249
404 39.2048
405 39.3005
406 39.2625
407 39.4069
408 39.447
409 39.5396
410 39.4378
411 39.4204
412 39.3045
413 39.3605
414 39.3177
415 39.262
416 39.4355
417 39.3833
418 39.4237
419 39.4735
420 39.5415
421 39.4674
422 39.7013
423 39.663
424 39.7553
425 39.6701
426 39.4512
427 39.4142
428 39.3755
429 39.3962
430 39.175
431 39.3778
432 39.5602
433 39.5187
434 39.5539
435 39.5003
436 39.6212
437 39.5782
438 39.7426
439 39.7754
440 39.8999
441 39.7188
442 39.8379
443 39.7732
444 39.7945
445 39.6355
446 39.6248
447 39.7906
448 39.8579
449 39.8381
450 39.7321
451 39.8094
452 39.6785
453 39.6943
454 39.8234
455 39.858
456 39.7758
457 39.7971
458 39.7307
459 39.8305
460 39.8392
461 39.8612
462 39.6855
463 39.5649
464 39.4713
465 39.2993
466 39.4877
467 39.576
468 39.5048
469 39.6301
470 39.5882
471 39.7886
472 39.5449
473 39.6015
474 39.5993
475 39.4869
476 39.4034
477 39.5036
478 39.3901
479 39.465
480 39.5827
481 39.6208
482 39.4858
483 39.5641
484 39.6684
485 39.4881
486 39.6125
487 39.5831
488 39.689
489 39.4474
490 39.2652
491 39.2753
492 39.2074
493 39.357
494 39.3767
495 39.5735
496 39.5552
497 39.4927
498 39.5646
499 39.5237
500 39.5947
501 39.4938
502 39.5114
503 39.47
504 39.4066
505 39.5621
506 39.527
507 39.4766
508 39.5977
509 39.6746
510 39.5953
511 39.486
512 39.4519
513 39.4626
514 39.4889
515 39.4079
516 39.431
517 39.5873
518 39.6229
519 39.3966
520 39.3715
521 39.4895
522 39.4167
523 39.3537
524 39.349
525 39.5012
526 39.6237
527 39.5269
528 39.4311
529 39.3796
530 39.6053
531 39.4606
532 39.2885
533 39.3668
534 39.3926
535 39.4466
536 39.2182
537 38.9897
538 38.9753
539 38.9752
540 39.0928
541 39.0295
542 38.936
543 38.6747
544 38.7821
545 38.7897
546 38.8265
547 38.6891
548 38.8534
549 39.06
550 39.035
551 38.9202
552 39.0176
553 38.9678
554 39.0696
555 39.0613
556 39.112
557 39.0978
558 38.9083
559 38.8126
560 38.7822
561 38.8145
562 38.7677
563 38.7736
564 38.7611
565 38.8143
566 38.8158
567 38.7953
568 38.614
569 38.5551
570 38.6191
571 38.7998
572 38.7357
573 38.559
574 38.7212
575 38.6561
576 38.8683
577 38.9554
578 39.0424
579 39.1723
580 39.1897
581 39.2687
582 39.1294
583 39.2611
584 39.3312
585 39.4361
586 39.4291
587 39.4374
588 39.3519
589 39.1703
590 39.0911
591 39.1213
592 39.2042
593 39.2597
594 39.3105
595 39.302
596 39.2629
597 39.1871
598 39.185
599 39.184
600 39.0716
601 38.8427
602 39.0084
603 39.0117
604 39.043
605 38.8019
606 38.7996
607 38.7747
608 38.8163
609 38.7327
610 38.8527
611 38.7763
612 38.8786
613 38.7872
614 38.651
615 38.946
616 38.782
617 38.5975
618 38.6279
619 38.6144
620 38.369
621 38.4073
622 38.4312
623 38.6503
624 38.6379
625 38.6995
626 38.5391
627 38.4087
628 38.688
629 38.5566
630 38.5301
631 38.4089
632 38.4875
633 38.4386
634 38.4745
635 38.5742
636 38.475
637 38.5488
638 38.6135
639 38.5802
640 38.6094
641 38.735
642 38.7086
643 38.7933
644 38.7179
645 38.8261
646 39.0734
647 39.1285
648 39.0379
649 39.1201
650 39.1716
651 39.2499
652 39.2517
653 39.1887
654 39.4313
655 39.5423
656 39.4473
657 39.3885
658 39.2975
659 39.3247
660 39.3808
661 39.6514
662 39.6897
663 39.5517
664 39.6472
665 39.5099
666 39.4903
667 39.4945
668 39.6499
669 39.4747
670 39.5782
671 39.6707
672 39.5003
673 39.54
674 39.5777
675 39.4145
676 39.5873
677 39.7997
678 39.9333
679 39.9047
680 39.9706
681 39.9702
682 40.0041
683 40.167
684 40.1569
685 40.0576
686 39.941
687 39.6551
688 39.7186
689 39.8235
690 39.8051
691 39.7298
692 39.5343
693 39.6328
694 39.754
695 39.7563
696 39.6822
697 39.6478
698 39.669
699 39.6397
700 39.6204
701 39.6006
702 39.7803
703 39.7823
704 39.7841
705 39.8445
706 39.5851
707 39.707
708 39.7014
709 39.7505
710 39.8477
711 39.7926
712 39.7797
713 39.6622
714 39.4711
715 39.5058
716 39.4043
717 39.422
718 39.4167
719 39.5285
720 39.486
721 39.565
722 39.6496
723 39.7082
724 39.5796
725 39.7779
726 39.8004
727 39.6949
728 39.6094
729 39.6353
730 39.6222
731 39.7019
732 39.8202
733 39.8711
734 39.7004
735 39.6218
736 39.6723
737 39.6219
738 39.4356
739 39.6941
740 39.7371
741 39.6119
742 39.5774
743 39.6059
744 39.7487
745 39.491
746 39.4043
747 39.3608
748 39.3865
749 39.1892
750 39.2003
751 39.2414
752 39.3301
753 39.5676
754 39.4134
755 39.468
756 39.3925
757 39.3287
758 39.601
759 39.4161
760 39.2876
761 39.2039
762 39.2526
763 39.1295
764 39.1027
765 39.2146
766 39.2096
767 39.2094
768 39.3095
769 39.3464
770 39.2662
771 39.3668
772 39.5089
773 39.5109
774 39.4917
775 39.3818
776 39.5184
777 39.3681
778 39.5738
779 39.2661
780 39.4184
781 39.3579
782 39.3094
783 39.4004
784 39.3585
785 39.362
786 39.276
787 39.2994
788 39.1486
789 39.2618
790 39.1113
791 39.3201
792 39.1819
793 39.1289
794 39.1597
795 39.0359
796 39.0647
797 38.9249
798 39.0594
799 39.0656
800 39.0977
801 39.1081
802 39.1229
803 39.0768
804 39.0305
805 38.8051
806 38.7781
807 38.8191
808 38.7604
809 38.9195
810 39.1336
811 39.1441
812 39.0086
813 39.1401
814 39.0186
815 39.0727
816 39.1132
817 39.2592
818 39.3144
819 39.2347
820 39.337
821 39.215
822 39.2163
823 39.1808
824 39.2364
825 39.3371
826 39.4132
827 39.466
828 39.4338
829 39.5071
830 39.3527
831 39.2952
832 39.1845
833 39.3051
834 39.3594
835 39.2626
836 39.2351
837 39.1887
838 39.1386
839 39.207
840 39.5196
841 39.6985
842 39.6348
843 39.6835
844 39.7749
845 39.83
846 39.8173
847 39.8918
848 39.8998
849 39.7761
850 39.6357
851 39.5074
852 39.55
853 39.6218
854 39.8348
855 39.759
856 39.6688
857 39.7386
858 39.6793
859 39.6872
860 39.664
861 39.6636
862 39.784
863 39.6635
864 39.6049
865 39.6963
866 39.8256
867 39.7562
868 39.864
869 39.9861
870 40.0921
871 40.1345
872 40.0887
873 39.9615
874 39.95
875 39.9516
876 39.8323
877 39.9187
878 40.0747
879 40.1616
880 40.3491
881 40.3305
882 40.4246
883 40.4784
884 40.3887
885 40.2696
886 40.1302
887 40.1858
888 40.1837
889 40.1089
890 40.2762
891 40.0976
892 39.9744
893 39.7959
894 39.8084
895 39.8491
896 40.0909
897 40.0408
898 40.2067
899 40.1863
900 40.1374
901 40.1927
902 40.2236
903 40.1091
904 40.0012
905 39.8912
906 39.8942
907 39.916
908 40.0549
909 40.0306
910 40.194
911 40.1176
912 40.0449
913 40.1229
914 40.1985
915 40.1401
916 40.1269
917 40.2103
918 40.2074
919 40.2476
920 40.1045
921 39.9366
922 40.1009
923 40.0859
924 39.9881
925 39.8583
926 39.8266
927 39.6839
928 39.696
929 39.6487
930 39.5684
931 39.5598
932 39.5112
933 39.4416
934 39.4476
935 39.3416
936 39.3557
937 39.2575
938 38.9525
939 38.634
940 38.602
941 38.6929
942 38.8581
943 38.8155
944 38.6333
945 38.5231
946 38.4877
947 38.4032
948 38.6274
949 38.6087
950 38.7191
951 38.9234
952 38.7787
953 38.772
954 38.9427
955 39.0228
956 38.9523
957 39.0447
958 39.0087
959 39.034
960 39.0235
961 38.9316
962 39.0367
963 39.0855
964 39.0766
965 39.0626
966 39.086
967 39.3201
968 39.3631
969 39.3645
970 39.4354
971 39.4152
972 39.3933
973 39.2329
974 39.1054
975 39.105
976 39.2512
977 39.2953
978 39.2562
979 39.3693
980 39.5326
981 39.511
982 39.3894
983 39.248
984 39.2424
985 39.3768
986 39.4877
987 39.2968
988 39.4401
989 39.3882
990 39.4131
991 39.5884
992 39.7492
993 39.6914
994 39.713
995 39.6082
996 39.8303
997 39.6791
998 39.5742
999 39.626
1000 39.7487
