1 33.0321
2 33.0321
3 32.5648
4 32.3223
5 32.9874
6 32.9874
7 32.9566
8 33.3995
9 32.7322
10 32.7322
11 31.4513
12 31.7849
13 30.7777
14 31.7849
15 33.1204
16 33.2785
17 34.0071
18 32.5491
19 32.5491
20 34.3069
21 34.5564
22 33.4751
23 33.9988
24 34.5934
25 34.2424
26 33.2512
27 32.9845
28 33.0091
29 32.2496
30 32.2496
31 32.2496
32 34.3507
33 33.5707
34 29.6359
35 29.121
36 29.742
37 33.5333
38 32.8128
39 32.8128
40 33.2803
41 33.5141
42 30.1683
43 30.3979
44 31.633
45 32.8321
46 33.4485
47 34.3225
48 34.4633
49 34.2784
50 35.1133
51 35.1311
52 35.1067
53 35.4185
54 30.8768
55 30.1879
56 29.993
57 32.8983
58 31.8707
59 33.2274
60 33.2366
61 33.2366
62 29.2262
63 28.7537
64 32.751
65 32.6502
66 33.9419
67 34.4497
68 33.7076
69 33.7076
70 33.5513
71 34.5801
72 34.8694
73 34.8335
74 35.3274
75 35.0717
76 34.15
77 34.15
78 33.4441
79 33.911
80 34.9207
81 34.4483
82 34.4483
83 31.8068
84 33.341
85 34.9112
86 34.9112
87 34.3186
88 35.4856
89 33.6674
90 35.5296
91 30.2755
92 30.0722
93 35.6566
94 34.9511
95 35.8445
96 35.1813
97 34.4741
98 32.9225
99 34.3165
100 33.4953
101 33.749
102 34.2931
103 34.1313
104 33.8156
105 35.8554
106 36.0024
107 34.128
108 36.3316
109 36.6195
110 36.2097
111 35.7629
112 33.8645
113 35.2333
114 35.3001
115 36.3559
116 34.2242
117 34.191
118 34.191
119 34.5879
120 34.3863
121 33.3232
122 32.7535
123 32.4333
124 34.9893
125 34.2764
126 33.9987
127 35.1678
128 33.7049
129 34.0823
130 35.3284
131 34.5704
132 33.4944
133 34.6878
134 30.6248
135 30.8619
136 34.4813
137 31.9132
138 34.3151
139 34.0847
140 31.342
141 31.6637
142 31.6637
143 30.1481
144 31.1429
145 32.6514
146 32.6514
147 34.9179
148 33.8481
149 33.0043
150 34.7362
151 33.4618
152 33.4658
153 32.8068
154 32.6175
155 34.774
156 34.8559
157 35.1682
158 34.742
159 34.742
160 34.349
161 34.9193
162 36.1613
163 35.5106
164 34.9952
165 36.8232
166 35.9046
167 33.8084
168 34.9357
169 33.7362
170 33.3135
171 33.7362
172 34.5754
173 35.3186
174 35.3186
175 34.3478
176 33.2625
177 32.8895
178 33.5323
179 35.3995
180 35.5881
181 35.4864
182 36.1413
183 35.9701
184 35.9701
185 35.9334
186 36.1413
187 34.8228
188 34.8019
189 34.8019
190 36.71
191 35.0674
192 35.5265
193 36.8068
194 36.3539
195 35.0887
196 32.5661
197 31.7654
198 33.7671
199 30.4465
200 29.9459
201 32.3091
202 34.3956
203 31.6643
204 36.0131
205 34.408
206 35.2104
207 35.2252
208 35.0048
209 36.0238
210 34.7859
211 32.2435
212 32.4006
213 35.0564
214 35.2778
215 35.5854
216 34.3071
217 34.1015
218 33.56
219 34.1015
220 34.1015
221 34.1273
222 34.1273
223 34.1273
224 35.6958
225 34.9416
226 34.827
227 34.827
228 35.9214
229 36.6116
230 35.2803
231 35.3019
232 36.245
233 32.7812
234 33.2707
235 33.2707
236 33.2707
237 32.2892
238 33.1074
239 33.1074
240 31.9126
241 31.791
242 34.6874
243 33.9052
244 34.5441
245 34.4758
246 33.7705
247 33.863
248 34.2269
249 31.8142
250 33.8849
251 33.4186
252 31.6918
253 33.9125
254 34.1158
255 33.9241
256 33.6639
257 33.5483
258 34.4923
259 33.5307
260 33.7993
261 32.8204
262 32.6067
263 31.7425
264 31.7425
265 31.653
266 32.9371
267 33.3751
268 31.8427
269 31.8427
270 32.2372
271 32.8637
272 33.9356
273 34.0515
274 34.0515
275 32.9914
276 33.3101
277 32.9061
278 31.9191
279 34.0132
280 32.3842
281 32.3326
282 34.3159
283 35.652
284 35.7675
285 34.6672
286 34.1831
287 34.2815
288 32.711
289 34.2815
290 34.2031
291 33.6454
292 33.7039
293 32.7193
294 33.8185
295 33.0107
296 33.3224
297 33.2791
298 34.1428
299 34.1044
300 33.2791
301 33.8812
302 34.8386
303 30.6189
304 31.7426
305 33.976
306 33.976
307 34.168
308 32.3847
309 31.2917
310 33.6868
311 34.8129
312 34.7969
313 32.7051
314 34.8389
315 34.6315
316 33.7931
317 34.3832
318 34.638
319 35.1768
320 35.1906
321 35.1906
322 31.0367
323 34.4077
324 31.5657
325 33.549
326 32.3692
327 35.1445
328 35.1445
329 34.0118
330 32.8417
331 34.6477
332 32.552
333 33.1148
334 33.6338
335 34.7718
336 34.7571
337 35.0824
338 33.7123
339 34.3708
340 33.9052
341 34.662
342 31.2507
343 33.5379
344 34.5394
345 34.5394
346 34.9389
347 35.1145
348 35.924
349 35.1951
350 34.055
351 34.1376
352 32.8694
353 32.8694
354 36.3933
355 33.7153
356 35.3933
357 35.4649
358 35.3858
359 36.3075
360 34.127
361 32.9637
362 32.9637
363 32.9637
364 29.9009
365 30.0896
366 29.9643
367 31.941
368 29.6305
369 33.0712
370 34.6458
371 35.7059
372 35.1479
373 35.2493
374 32.4049
375 33.2943
376 33.2943
377 33.0351
378 33.9658
379 33.583
380 34.3555
381 31.9211
382 31.5376
383 34.2934
384 32.3757
385 34.2529
386 34.8486
387 35.058
388 32.83
389 35.5294
390 33.8662
391 35.1646
392 34.2298
393 34.0998
394 33.9982
395 33.9982
396 33.9459
397 34.9474
398 34.9936
399 33.443
400 33.443
401 33.4504
402 32.9168
403 32.9168
404 33.8676
405 33.4822
406 33.4822
407 34.6465
408 34.6465
409 34.6465
410 32.532
411 34.2577
412 33.8202
413 31.7469
414 33.9875
415 34.4227
416 34.1125
417 35.4284
418 34.3399
419 33.4731
420 35.3618
421 33.6099
422 33.6099
423 34.7738
424 33.3006
425 34.135
426 32.7047
427 33.697
428 31.782
429 34.1826
430 32.023
431 32.5616
432 33.9478
433 33.2054
434 33.2054
435 33.4091
436 34.9261
437 35.0458
438 34.923
439 34.5923
440 35.2181
441 34.575
442 35.1123
443 35.2294
444 34.9618
445 34.9359
446 33.5806
447 34.351
448 36.5536
449 33.2629
450 26.5606
451 26.5606
452 28.2105
453 29.7627
454 32.6295
455 33.7862
456 34.7594
457 34.7002
458 32.1327
459 36.4204
460 36.4788
461 36.4788
462 35.7541
463 35.2888
464 35.9195
465 33.2624
466 34.2731
467 33.3615
468 32.9408
469 35.6584
470 35.1021
471 36.8157
472 30.4509
473 29.0224
474 29.1816
475 25.3607
476 25.4166
477 28.2385
478 31.4174
479 31.4174
480 33.7501
481 33.7501
482 32.954
483 34.7263
484 35.5024
485 35.4326
486 35.4889
487 35.2514
488 33.5914
489 31.085
490 30.8273
491 32.8091
492 31.7899
493 31.7899
494 34.1933
495 34.7093
496 34.013
497 33.7701
498 34.5727
499 35.2815
500 35.6663
501 34.7677
502 34.7677
503 35.1562
504 35.7856
505 36.0686
506 35.5243
507 35.3248
508 36.3994
509 36.2411
510 36.2411
511 36.3593
512 36.8185
513 35.6138
514 33.6861
515 35.4588
516 35.7637
517 35.5707
518 32.2223
519 31.8317
520 32.3655
521 34.1713
522 33.8663
523 34.0776
524 34.3704
525 32.0162
526 33.0724
527 33.0724
528 33.0724
529 30.1554
530 30.1554
531 34.2102
532 34.5092
533 33.2213
534 32.4836
535 33.5245
536 33.5713
537 33.5912
538 34.2937
539 33.5683
540 35.2158
541 33.927
542 30.812
543 31.7797
544 33.5631
545 33.0482
546 33.6088
547 33.9712
548 34.1171
549 34.619
550 34.7692
551 34.8418
552 32.1909
553 29.0899
554 29.0899
555 30.4298
556 31.9944
557 31.9944
558 30.1199
559 29.8811
560 28.4115
561 28.0581
562 31.0047
563 31.0047
564 31.0786
565 32.2356
566 32.644
567 33.5334
568 32.8875
569 32.8875
570 30.9368
571 31.5611
572 32.8578
573 32.8578
574 34.2138
575 31.2951
576 33.0608
577 32.9036
578 30.2374
579 34.6892
580 34.4886
581 33.2878
582 32.3261
583 32.5538
584 35.5156
585 34.6938
586 34.6938
587 35.5156
588 34.3329
589 33.4551
590 33.6128
591 33.6128
592 33.6128
593 33.4618
594 35.6351
595 35.6351
596 33.1287
597 33.1287
598 33.1287
599 35.509
600 33.1287
601 34.3591
602 35.2826
603 33.1721
604 35.2878
605 33.7158
606 33.815
607 32.4075
608 32.4075
609 34.3422
610 35.239
611 34.8654
612 34.5131
613 33.9108
614 33.5772
615 34.338
616 34.338
617 33.2274
618 33.5988
619 33.9764
620 33.7649
621 32.0142
622 32.0142
623 32.7865
624 32.7865
625 34.3866
626 34.0973
627 34.462
628 34.031
629 30.9182
630 30.9462
631 33.239
632 30.208
633 30.208
634 33.2788
635 33.0909
636 30.7234
637 30.7234
638 31.0871
639 31.0648
640 31.112
641 32.9173
642 32.3776
643 32.9757
644 30.6751
645 30.6751
646 31.5619
647 34.1772
648 33.7739
649 32.4306
650 35.0474
651 32.8561
652 34.9427
653 34.9427
654 35.3799
655 33.5352
656 32.1982
657 31.9807
658 31.2945
659 34.0479
660 33.0107
661 35.3919
662 34.5452
663 32.2274
664 33.6774
665 33.8153
666 33.9268
667 33.1634
668 33.9092
669 34.1181
670 35.9131
671 36.0092
672 34.2726
673 35.3053
674 35.8414
675 35.8414
676 35.7582
677 36.3649
678 35.1902
679 33.6431
680 33.92
681 35.4967
682 36.505
683 36.4091
684 36.2093
685 34.2592
686 36.2093
687 34.3453
688 34.2135
689 34.2135
690 35.5191
691 33.1651
692 35.8057
693 35.7948
694 35.9362
695 33.4081
696 34.0985
697 33.6803
698 33.5049
699 34.4823
700 34.7156
701 34.7156
702 32.6136
703 33.4479
704 33.7517
705 33.7517
706 32.4512
707 33.7869
708 34.8319
709 34.3615
710 35.7645
711 35.542
712 36.0405
713 35.4315
714 35.2988
715 35.0005
716 34.3204
717 34.214
718 34.6635
719 34.6783
720 34.6783
721 35.1525
722 36.1211
723 34.7816
724 34.7816
725 37.2263
726 36.5285
727 34.4522
728 35.0119
729 35.7958
730 34.7861
731 35.9953
732 36.0916
733 36.3911
734 36.315
735 35.8779
736 35.9657
737 36.1059
738 35.0681
739 35.7308
740 33.9056
741 33.339
742 36.1594
743 36.1977
744 36.326
745 30.9448
746 30.9448
747 31.6522
748 31.2168
749 29.9657
750 30.2345
751 29.1249
752 32.8394
753 33.2805
754 32.5547
755 35.0982
756 33.0182
757 33.0182
758 34.2457
759 34.9485
760 32.0108
761 32.6416
762 35.0373
763 32.6741
764 29.8774
765 33.8849
766 33.7423
767 33.315
768 33.7423
769 34.4052
770 34.4553
771 34.4553
772 33.0926
773 32.4236
774 33.5381
775 29.4228
776 32.9677
777 33.2086
778 33.168
779 32.7986
780 34.314
781 33.9637
782 32.7209
783 33.9474
784 33.8241
785 33.8241
786 31.2601
787 32.3294
788 32.7941
789 33.3346
790 33.9663
791 34.2684
792 32.7965
793 32.6322
794 29.3472
795 29.4157
796 30.08
797 32.6644
798 31.9234
799 35.2005
800 32.9251
801 32.9668
802 35.1062
803 32.6128
804 32.5571
805 32.5571
806 30.3339
807 33.6018
808 33.0255
809 33.0255
810 31.2928
811 33.355
812 33.355
813 34.2235
814 33.5239
815 33.6972
816 33.7599
817 34.8595
818 35.5753
819 35.2912
820 34.6825
821 32.1826
822 34.2616
823 34.5896
824 34.2076
825 34.8253
826 35.7631
827 35.7103
828 35.6962
829 35.0605
830 35.2906
831 34.6885
832 34.3588
833 33.6696
834 34.9191
835 33.3054
836 34.7882
837 32.2859
838 32.6365
839 31.3927
840 34.5653
841 35.076
842 35.076
843 34.6479
844 34.6479
845 35.9407
846 35.7874
847 34.7807
848 35.911
849 35.579
850 34.0705
851 34.5445
852 34.4206
853 35.3856
854 35.5528
855 34.8182
856 34.3263
857 35.2921
858 35.4769
859 35.1126
860 32.7543
861 32.8564
862 34.3605
863 34.3605
864 33.1392
865 34.4648
866 34.8161
867 34.7611
868 35.5919
869 35.9972
870 35.4202
871 35.4202
872 34.6753
873 34.5095
874 34.8536
875 34.8276
876 34.5308
877 33.9224
878 35.3905
879 34.7482
880 34.9828
881 35.3315
882 35.3415
883 35.3415
884 34.6592
885 34.6244
886 34.6244
887 34.945
888 34.945
889 36.7637
890 37.1774
891 37.1774
892 37.467
893 34.2329
894 35.5899
895 35.9896
896 36.6237
897 32.6359
898 36.4007
899 34.0665
900 32.9004
901 35.0643
902 35.6869
903 34.7277
904 36.4553
905 36.1986
906 36.0023
907 36.1507
908 36.1507
909 36.1507
910 36.2846
911 35.8044
912 35.8044
913 36.0126
914 36.9973
915 35.9503
916 30.1676
917 30.1676
918 34.8504
919 33.455
920 33.455
921 32.6135
922 32.6944
923 35.104
924 31.9884
925 35.1547
926 34.5498
927 34.4351
928 34.5498
929 34.3421
930 33.9436
931 33.9436
932 33.1481
933 33.197
934 32.854
935 34.0351
936 33.6201
937 32.8372
938 29.7161
939 29.7741
940 29.9554
941 31.1547
942 32.2489
943 32.7095
944 32.7095
945 33.307
946 33.467
947 33.3522
948 34.2896
949 33.7122
950 33.7122
951 34.3549
952 35.025
953 33.3046
954 33.6135
955 34.2023
956 33.7427
957 32.9632
958 32.75
959 35.6067
960 33.2505
961 32.5508
962 34.4875
963 35.2793
964 35.6402
965 34.2725
966 31.9671
967 32.9541
968 33.065
969 33.065
970 33.065
971 33.065
972 34.2719
973 31.8475
974 34.4691
975 34.8781
976 35.6068
977 34.4458
978 34.4458
979 34.0819
980 34.301
981 32.8927
982 32.8927
983 34.0473
984 34.0473
985 31.8692
986 33.2095
987 32.6042
988 32.7874
989 31.097
990 33.7227
991 34.7896
992 34.7896
993 34.0282
994 35.7525
995 31.8155
996 34.5976
997 34.5976
998 34.0753
999 35.5209
1000 35.2265
