           1     -5.4916     -5.4916           0
           2    -5.48054    -5.48607   0.0055313
           3    -5.44648    -5.47287   0.0135751
           4    -5.46024    -5.46972    0.010105
           5    -5.44332    -5.46444  0.00944137
           6    -5.44038    -5.46043  0.00868941
           7    -5.47144      -5.462  0.00751047
           8    -5.47186    -5.46323  0.00662007
           9    -5.44552    -5.46126  0.00616101
          10    -5.46433    -5.46157  0.00551908
          11    -5.46711    -5.46207  0.00501751
          12    -5.45567    -5.46154  0.00461129
          13    -5.45455      -5.461  0.00427575
          14    -5.45557    -5.46061  0.00397754
          15    -5.47453    -5.46154  0.00381729
          16    -5.48711    -5.46314  0.00391205
          17    -5.46915    -5.46349  0.00369168
          18    -5.46362     -5.4635  0.00348056
          19    -5.49147    -5.46497   0.0036063
          20      -5.485    -5.46597  0.00356483
          21    -5.45832    -5.46561  0.00341038
          22    -5.44383    -5.46462  0.00339903
          23    -5.49101    -5.46577  0.00344459
          24    -5.43454    -5.46447  0.00354539
          25    -5.48059    -5.46511  0.00346122
          26    -5.46184    -5.46498  0.00332781
          27     -5.4275     -5.4636  0.00349019
          28    -5.46041    -5.46348  0.00336516
          29    -5.47433    -5.46386  0.00326851
          30     -5.4259    -5.46259  0.00340168
          31    -5.47072    -5.46285  0.00330056
          32    -5.49769    -5.46394  0.00337606
          33    -5.48196    -5.46449   0.0033174
          34    -5.45751    -5.46428  0.00322489
          35    -5.44717    -5.46379  0.00316931
          36    -5.45184    -5.46346  0.00309788
          37    -5.48008    -5.46391  0.00304627
          38    -5.44653    -5.46345  0.00300008
          39    -5.46675    -5.46354  0.00292336
          40    -5.46169    -5.46349  0.00284972
          41    -5.47962    -5.46389  0.00280705
          42    -5.48882    -5.46448  0.00280298
          43    -5.43473    -5.46379  0.00282312
          44    -5.45389    -5.46356  0.00276738
          45    -5.48398    -5.46402  0.00274297
          46    -5.45909    -5.46391  0.00268481
          47    -5.47505    -5.46415  0.00263775
          48    -5.44501    -5.46375  0.00261279
          49    -5.44354    -5.46334  0.00259192
          50    -5.45052    -5.46308  0.00255245
          51    -5.48387    -5.46349  0.00253491
          52    -5.47106    -5.46363  0.00248995
          53    -5.47527    -5.46385  0.00245236
          54     -5.4591    -5.46376  0.00240812
          55    -5.47993    -5.46406  0.00238213
          56    -5.46602    -5.46409  0.00233947
          57    -5.48565    -5.46447  0.00232898
          58    -5.46114    -5.46441  0.00228919
          59    -5.48184    -5.46471  0.00226936
          60    -5.50058    -5.46531  0.00230993
          61    -5.44213    -5.46493   0.0023033
          62    -5.45104     -5.4647  0.00227688
          63    -5.44833    -5.46444  0.00225547
          64    -5.47078    -5.46454  0.00222216
          65    -5.49014    -5.46494  0.00222287
          66    -5.45279    -5.46475  0.00219665
          67    -5.48483    -5.46505  0.00218427
          68    -5.46938    -5.46512  0.00215285
          69    -5.46541    -5.46512  0.00212143
          70    -5.44638    -5.46485  0.00210796
          71     -5.4342    -5.46442  0.00212244
          72    -5.48802    -5.46475  0.00211827
          73    -5.46945    -5.46481  0.00209004
          74    -5.45771    -5.46472  0.00206384
          75    -5.48438    -5.46498  0.00205295
          76    -5.48089    -5.46519  0.00203654
          77    -5.47231    -5.46528  0.00201205
          78    -5.46936    -5.46533  0.00198677
          79    -5.48851    -5.46563  0.00198328
          80    -5.46823    -5.46566  0.00195861
          81    -5.50535    -5.46615  0.00199537
          82    -5.46987    -5.46619  0.00197141
          83    -5.46826    -5.46622  0.00194767
          84    -5.45329    -5.46607  0.00193049
          85    -5.48068    -5.46624  0.00191538
          86    -5.46568    -5.46623  0.00189298
          87    -5.47167    -5.46629  0.00187214
          88    -5.47435    -5.46638  0.00185301
          89      -5.471    -5.46644   0.0018328
          90    -5.47767    -5.46656  0.00181662
          91    -5.47873    -5.46669  0.00180151
          92    -5.44272    -5.46643  0.00180077
          93    -5.43013    -5.46604  0.00182359
          94    -5.48431    -5.46624  0.00181452
          95    -5.44684    -5.46603  0.00180689
          96    -5.48225     -5.4662  0.00179594
          97    -5.48872    -5.46644  0.00179242
          98    -5.48108    -5.46658  0.00178032
          99    -5.45875    -5.46651  0.00176403
         100    -5.45592     -5.4664   0.0017495
