100 0.0128248 0 0
100 0.0384745 0 0
100 0.0641241 0 0
100 0.0897737 0 0
100 0.115423 0 0
100 0.141073 0 0
100 0.166723 0 0
100 0.192372 0 0
100 0.218022 0 0
100 0.243672 0 0
100 0.269321 0 0
100 0.294971 0 0
100 0.32062 0 0
100 0.34627 0 0
100 0.37192 0 0
100 0.397569 0 0
100 0.423219 0 0
100 0.448869 0 0
100 0.474518 0 0
100 0.500168 0 0
100 0.525818 0 0
100 0.551467 0 0
100 0.577117 0 0
100 0.602767 0 0
100 0.628416 0 0
100 0.654066 0 0
100 0.679715 0 0
100 0.705365 0 0
100 0.731015 0 0
100 0.756664 0 0
100 0.782314 0 0
100 0.807964 0 0
100 0.833613 1.86009e-05 6.94847e-06
100 0.859263 0.00142488 6.28562e-05
100 0.884913 0.0253106 0.000265883
100 0.910562 0.173919 0.000933669
100 0.936212 0.592604 0.00190582
100 0.961861 1.26329 0.00241328
100 0.987511 1.96096 0.00279707
100 1.01316 2.4582 0.00260185
100 1.03881 2.68413 0.00248965
100 1.06446 2.67344 0.00230864
100 1.09011 2.52441 0.00216713
100 1.11576 2.30098 0.00215808
100 1.14141 2.06463 0.00226623
100 1.16706 1.83262 0.00196932
100 1.19271 1.62729 0.0021996
100 1.21836 1.45066 0.00199284
100 1.24401 1.29803 0.00169754
100 1.26966 1.17237 0.00157896
100 1.29531 1.06407 0.00128555
100 1.32096 0.977386 0.00136401
100 1.34661 0.904302 0.00128051
100 1.37226 0.845847 0.0011438
100 1.39791 0.801268 0.00105023
100 1.42355 0.762278 0.0010175
100 1.4492 0.735729 0.00101287
100 1.47485 0.714022 0.00117613
100 1.5005 0.701124 0.00111126
100 1.52615 0.696195 0.00129955
100 1.5518 0.693873 0.00118246
100 1.57745 0.698609 0.00113079
100 1.6031 0.708627 0.00113125
100 1.62875 0.72477 0.00116005
100 1.6544 0.746118 0.00106594
100 1.68005 0.772377 0.00114901
100 1.7057 0.804269 0.00112101
100 1.73135 0.840145 0.00119745
100 1.757 0.878567 0.00106128
100 1.78265 0.91995 0.00110007
100 1.8083 0.961369 0.00115434
100 1.83395 1.00426 0.00100061
100 1.8596 1.04581 0.00113534
100 1.88525 1.08641 0.00106167
100 1.9109 1.12533 0.00108502
100 1.93655 1.15996 0.00110858
100 1.9622 1.19236 0.000966665
100 1.98785 1.21732 0.000994988
100 2.0135 1.23632 0.00101436
100 2.03915 1.24529 0.000977194
100 2.0648 1.24602 0.00099038
100 2.09045 1.23911 0.000896878
100 2.1161 1.22559 0.00102035
100 2.14174 1.20396 0.000910454
100 2.16739 1.17867 0.000997622
100 2.19304 1.15113 0.00101664
100 2.21869 1.12047 0.000957611
100 2.24434 1.09079 0.000911013
100 2.26999 1.06229 0.000903443
100 2.29564 1.03498 0.000799974
100 2.32129 1.0086 0.000921104
100 2.34694 0.986181 0.000859649
100 2.37259 0.966619 0.000796271
100 2.39824 0.950394 0.000827168
100 2.42389 0.936931 0.000786693
100 2.44954 0.926789 0.000831514
100 2.47519 0.912623 0.000742405
100 2.50084 0.904105 0.000833549
100 2.52649 0.903908 0.000829431
100 2.55214 0 0
