           1     1.27972     1.27972           0
           2     1.30974     1.29473   0.0150148
           3     1.46753     1.35233   0.0582489
           4     1.41363     1.36766   0.0439469
           5     1.47565     1.38925   0.0403155
           6     1.54258     1.41481   0.0416718
           7     1.37688     1.40939   0.0356335
           8     1.32786      1.3992    0.032499
           9     1.52634     1.41333   0.0319538
          10     1.40023     1.41202   0.0286104
          11     1.36408     1.40766   0.0262434
          12     1.43213      1.4097   0.0240434
          13     1.45809     1.41342   0.0224279
          14     1.42965     1.41458   0.0207965
          15     1.36015     1.41095   0.0196977
          16     1.28748     1.40323   0.0199761
          17     1.43005     1.40481   0.0188305
          18     1.39677     1.40436   0.0177592
          19      1.2706     1.39732   0.0182141
          20     1.31405     1.39316    0.017774
          21     1.46182     1.39643   0.0172197
          22       1.507     1.40146   0.0171703
          23      1.2673     1.39562   0.0174128
          24     1.58301     1.40343   0.0184093
          25      1.3742     1.40226   0.0176963
          26     1.39573     1.40201   0.0170039
          27     1.59128     1.40902   0.0178004
          28     1.38925     1.40831   0.0171674
          29     1.33671     1.40585   0.0167479
          30     1.57915     1.41162   0.0171803
          31     1.36086     1.40998   0.0166973
          32     1.26226     1.40537   0.0168133
          33      1.3027     1.40226   0.0165901
          34     1.43004     1.40307   0.0161155
          35     1.54263     1.40706   0.0161483
          36     1.44895     1.40822   0.0157364
          37      1.2993     1.40528   0.0155858
          38     1.49738      1.4077   0.0153625
          39     1.40134     1.40754   0.0149643
          40      1.4512     1.40863   0.0146262
          41     1.31343     1.40631   0.0144527
          42     1.29242      1.4036   0.0143627
          43     1.58286     1.40777   0.0146312
          44     1.47859     1.40938   0.0143852
          45     1.27659     1.40643   0.0143681
          46      1.4253     1.40684   0.0140583
          47     1.35464     1.40573   0.0138007
          48      1.4549     1.40675   0.0135489
          49     1.51368     1.40893   0.0134478
          50     1.47083     1.41017   0.0132341
          51     1.30454      1.4081   0.0131363
          52     1.37118     1.40739   0.0129008
          53     1.33867     1.40609   0.0127213
          54     1.39852     1.40595   0.0124843
          55     1.27489     1.40357   0.0124847
          56     1.35671     1.40273   0.0122883
          57     1.30466     1.40101   0.0121928
          58     1.40022       1.401   0.0119807
          59     1.31384     1.39952   0.0118682
          60      1.1983     1.39617   0.0121411
          61     1.47056     1.39739   0.0120025
          62     1.46781     1.39852   0.0118619
          63     1.44666     1.39929   0.0116971
          64     1.39442     1.39921   0.0115131
          65     1.23315     1.39666    0.011619
          66      1.4439     1.39737   0.0114639
          67     1.27199      1.3955   0.0114456
          68     1.34917     1.39482   0.0112965
          69     1.34694     1.39413   0.0111532
          70     1.52056     1.39593   0.0111402
          71      1.5371     1.39792   0.0111607
          72     1.31434     1.39676   0.0110656
          73     1.37513     1.39646    0.010917
          74     1.41875     1.39676   0.0107727
          75       1.294     1.39539    0.010716
          76     1.34971     1.39479   0.0105912
          77     1.32916     1.39394   0.0104874
          78     1.38765     1.39386   0.0103524
          79     1.28157     1.39244   0.0103189
          80     1.36734     1.39212   0.0101939
          81     1.18499     1.38957    0.010387
          82     1.38655     1.38953   0.0102596
          83      1.3715     1.38931   0.0101375
          84      1.4513     1.39005   0.0100433
          85     1.30262     1.38902  0.00997758
          86     1.38987     1.38903  0.00986089
          87     1.33299     1.38839  0.00976815
          88     1.36069     1.38807  0.00966163
          89     1.40334     1.38825    0.009554
          90     1.37448     1.38809  0.00944848
          91     1.31062     1.38724  0.00938278
          92     1.48297     1.38828  0.00933839
          93     1.54767        1.39  0.00939507
          94      1.3282     1.38934   0.0093178
          95     1.46363     1.39012  0.00925231
          96     1.28434     1.38902  0.00922149
          97     1.31229     1.38823  0.00916014
          98     1.33425     1.38768   0.0090829
          99     1.46826     1.38849  0.00902746
         100     1.40088     1.38861  0.00893759
