1 34.3467
2 34.4124
3 34.4867
4 34.3834
5 34.3419
6 34.3462
7 34.2485
8 34.3075
9 34.2306
10 34.2864
11 34.327
12 34.3701
13 34.2657
14 34.4044
15 34.5924
16 34.681
17 34.8271
18 34.8217
19 34.8097
20 34.8637
21 34.8091
22 34.8876
23 35.0048
24 35.0382
25 35.0967
26 35.0269
27 35.183
28 35.2377
29 35.2051
30 35.1622
31 35.1127
32 35.1616
33 35.1856
34 35.3477
35 35.4077
36 35.3382
37 35.3602
38 35.4161
39 35.3183
40 35.2641
41 35.2117
42 35.1884
43 35.2065
44 35.1735
45 35.1797
46 35.1385
47 35.1552
48 35.1874
49 35.2242
50 35.2494
51 35.2373
52 35.2906
53 35.2538
54 35.1624
55 35.1635
56 35.2563
57 35.2681
58 35.2856
59 35.2932
60 35.3229
61 35.3555
62 35.3006
63 35.3273
64 35.3396
65 35.4394
66 35.5296
67 35.5053
68 35.481
69 35.5415
70 35.5919
71 35.5975
72 35.6715
73 35.6558
74 35.6267
75 35.6164
76 35.484
77 35.4173
78 35.4879
79 35.556
80 35.3958
81 35.4555
82 35.4604
83 35.4372
84 35.4412
85 35.4003
86 35.4706
87 35.2798
88 35.3225
89 35.4159
90 35.4268
91 35.4164
92 35.3952
93 35.3902
94 35.4869
95 35.5773
96 35.6094
97 35.5459
98 35.3745
99 35.3879
100 35.4366
101 35.543
102 35.5983
103 35.5092
104 35.5557
105 35.566
106 35.6345
107 35.5735
108 35.6701
109 35.5148
110 35.5784
111 35.4876
112 35.6725
113 35.5532
114 35.5448
115 35.5108
116 35.4938
117 35.6247
118 35.6505
119 35.6939
120 35.7533
121 35.6897
122 35.7476
123 35.6288
124 35.5434
125 35.5932
126 35.5219
127 35.6087
128 35.6747
129 35.6268
130 35.6195
131 35.694
132 35.7206
133 35.7311
134 35.8039
135 35.7689
136 35.7667
137 35.6796
138 35.6368
139 35.622
140 35.5371
141 35.2259
142 35.1965
143 35.3241
144 35.3644
145 35.3465
146 35.3419
147 35.2876
148 35.2757
149 35.3201
150 35.3407
151 35.272
152 35.1855
153 35.2022
154 35.4087
155 35.3614
156 35.4245
157 35.5419
158 35.5425
159 35.5238
160 35.6217
161 35.6522
162 35.724
163 35.6319
164 35.6048
165 35.6446
166 35.6378
167 35.6495
168 35.7517
169 35.7643
170 35.8182
171 35.6875
172 35.5506
173 35.6247
174 35.6619
175 35.7216
176 35.7074
177 35.7333
178 35.8423
179 35.8675
180 35.9
181 35.963
182 36.0636
183 36.1078
184 36.1146
185 36.0155
186 36.0242
187 35.9479
188 36.0026
189 36.0921
190 36.1019
191 36.2185
192 36.3887
193 36.3891
194 36.235
195 36.1579
196 36.2128
197 36.171
198 36.2119
199 36.1456
200 36.0572
201 35.9708
202 36.0869
203 36.0833
204 36.1431
205 36.0495
206 36.1751
207 36.198
208 36.122
209 36.183
210 36.2059
211 36.1122
212 36.1829
213 36.1461
214 36.0426
215 36.0229
216 35.9522
217 36.0043
218 35.8446
219 35.9648
220 35.9793
221 35.9655
222 35.9144
223 35.8546
224 35.8454
225 35.9734
226 35.9298
227 35.9303
228 35.9315
229 35.8414
230 35.749
231 35.8531
232 35.7292
233 35.6818
234 35.5147
235 35.462
236 35.4903
237 35.4607
238 35.5497
239 35.6348
240 35.5509
241 35.5321
242 35.5872
243 35.5971
244 35.5917
245 35.7218
246 35.751
247 35.7501
248 35.8555
249 35.7773
250 35.8793
251 35.8457
252 35.8545
253 35.7756
254 35.8779
255 35.8508
256 35.913
257 35.9891
258 36.0556
259 36.1853
260 36.2064
261 36.0491
262 35.9768
263 35.7884
264 35.7735
265 35.9166
266 35.9574
267 35.9531
268 36.0688
269 35.9653
270 36.0036
271 35.9638
272 36.0569
273 36.1397
274 36.1302
275 36.0731
276 36.1659
277 36.2919
278 36.2479
279 36.2821
280 36.2231
281 36.2751
282 36.2066
283 36.113
284 36.1392
285 36.1576
286 36.2433
287 36.2681
288 36.2746
289 36.2914
290 36.2482
291 36.2063
292 36.0713
293 36.1487
294 36.0812
295 36.1729
296 36.0389
297 36.0564
298 36.0614
299 36.006
300 35.97
301 35.9761
302 36.0699
303 36.0257
304 36.0581
305 36.0387
306 35.9655
307 36.1587
308 36.1871
309 35.9542
310 36.0002
311 36.0379
312 36.0033
313 35.9796
314 36.0807
315 36.1794
316 36.2099
317 36.1463
318 36.2002
319 36.327
320 36.3233
321 36.349
322 36.3223
323 36.4046
324 36.457
325 36.4657
326 36.547
327 36.4673
328 36.3769
329 36.4429
330 36.3672
331 36.4556
332 36.4044
333 36.4174
334 36.4382
335 36.3858
336 36.1989
337 36.1952
338 36.2598
339 36.3707
340 36.3034
341 36.3551
342 36.1238
343 36.196
344 36.0602
345 36.1155
346 36.0469
347 36.3446
348 36.3432
349 36.281
350 36.2801
351 36.2929
352 36.1997
353 36.2213
354 36.2736
355 36.2264
356 36.2988
357 36.2628
358 36.2696
359 36.3174
360 36.3225
361 36.2477
362 36.1916
363 36.1347
364 36.232
365 36.1816
366 36.1801
367 36.0776
368 36.2285
369 36.1767
370 36.2885
371 36.3357
372 36.3939
373 36.2502
374 36.2722
375 36.2757
376 36.2997
377 36.2673
378 36.2893
379 36.2451
380 36.2858
381 36.2885
382 36.3893
383 36.2558
384 36.3181
385 36.1865
386 36.2117
387 36.1582
388 36.168
389 36.1733
390 36.3115
391 36.4324
392 36.4308
393 36.377
394 36.3804
395 36.341
396 36.1097
397 36.1691
398 36.1915
399 36.137
400 36.2113
401 36.2317
402 36.3277
403 36.1788
404 36.2225
405 36.3096
406 36.3337
407 36.3619
408 36.3836
409 36.2986
410 36.3109
411 36.1609
412 36.0672
413 36.0223
414 35.9514
415 35.9731
416 36.0778
417 36.1097
418 36.1349
419 36.0121
420 36.0135
421 36.0589
422 36.1823
423 36.2433
424 36.1828
425 36.2017
426 36.1438
427 36.0509
428 36.0931
429 36.1477
430 36.0224
431 35.9957
432 35.8915
433 35.7752
434 35.7551
435 35.8904
436 35.8933
437 36.1141
438 36.1448
439 36.1296
440 36.1394
441 36.1256
442 36.1524
443 36.1292
444 36.0716
445 36.1116
446 35.9582
447 36.002
448 35.9088
449 35.988
450 35.9296
451 35.8285
452 35.6749
453 35.7725
454 35.7384
455 35.6907
456 35.8086
457 35.7556
458 35.7361
459 35.7866
460 35.8748
461 35.7698
462 35.8095
463 35.9152
464 35.9756
465 36.0356
466 36.1418
467 36.1338
468 36.0335
469 36.0298
470 35.9591
471 35.979
472 36.0583
473 36.1802
474 36.3626
475 36.367
476 36.4264
477 36.3652
478 36.3366
479 36.3263
480 36.308
481 36.3435
482 36.2302
483 36.2499
484 36.0871
485 36.1657
486 36.0769
487 36.1611
488 36.2691
489 36.1398
490 36.1115
491 36.1955
492 36.2736
493 36.2364
494 36.3359
495 36.3107
496 36.1526
497 36.1277
498 36.0932
499 36.0983
500 36.0945
501 36.0006
502 36.0004
503 36.0265
504 36.0163
505 36.0409
506 35.9186
507 35.8697
508 35.7513
509 35.8407
510 35.9031
511 36.0244
512 35.955
513 35.876
514 35.7931
515 36.0067
516 36.0774
517 36.1351
518 36.1371
519 36.0629
520 35.966
521 35.9653
522 35.8878
523 35.9098
524 36.1357
525 36.0697
526 36.1091
527 35.9928
528 35.9522
529 36.0082
530 35.8532
531 35.9145
532 35.9748
533 35.9884
534 36.074
535 36.047
536 36.0632
537 36.0436
538 36.1275
539 36.1909
540 36.1842
541 36.2452
542 36.3041
543 36.1732
544 36.1881
545 36.1489
546 36.1774
547 36.0372
548 36.0279
549 36.0433
550 36.1256
551 36.0451
552 35.8918
553 35.9414
554 35.9568
555 35.8631
556 35.9692
557 35.9337
558 35.8665
559 35.9094
560 35.923
561 35.9078
562 35.8548
563 35.7355
564 35.6796
565 35.7581
566 35.8684
567 35.7782
568 35.8519
569 35.7291
570 35.6542
571 35.7239
572 35.7183
573 35.6364
574 35.7168
575 35.8465
576 35.8358
577 35.7389
578 35.6312
579 35.649
580 35.6619
581 35.6351
582 35.6161
583 35.6592
584 35.6326
585 35.8011
586 35.873
587 35.7801
588 35.804
589 35.7801
590 35.8021
591 35.7806
592 35.6881
593 35.684
594 35.7449
595 35.6722
596 35.5889
597 35.7055
598 35.603
599 35.671
600 35.6798
601 35.672
602 35.788
603 35.7972
604 35.8583
605 35.8085
606 35.7514
607 35.8394
608 35.9155
609 35.9876
610 35.7258
611 35.7153
612 35.7108
613 35.7522
614 35.7097
615 35.7847
616 35.7751
617 35.7915
618 35.8039
619 35.8657
620 35.8615
621 35.9811
622 35.9338
623 35.7281
624 35.7846
625 35.7277
626 35.7497
627 35.8427
628 35.8987
629 35.9162
630 35.8628
631 35.7856
632 35.7116
633 35.6857
634 35.6346
635 35.6864
636 35.7637
637 35.728
638 35.7041
639 35.7811
640 35.7022
641 35.681
642 35.6529
643 35.5325
644 35.5048
645 35.461
646 35.5984
647 35.7771
648 35.8147
649 35.7516
650 35.7712
651 35.6681
652 35.6037
653 35.6826
654 35.8147
655 35.7516
656 35.7909
657 35.86
658 35.7573
659 35.7679
660 35.9227
661 36.0259
662 36.0778
663 36.06
664 36.0877
665 36.1213
666 36.0636
667 36.1566
668 36.0206
669 36.0036
670 36.0671
671 36.101
672 36.014
673 35.9449
674 36.002
675 35.979
676 36.0303
677 36.068
678 35.9771
679 35.9082
680 36.0684
681 36.0755
682 36.0705
683 36.1166
684 36.0716
685 36.0686
686 35.9806
687 35.8868
688 35.9509
689 36.1203
690 36.0297
691 35.9044
692 35.8521
693 36.1037
694 36.025
695 36.1339
696 36.122
697 36.1377
698 36.0954
699 36.1632
700 36.2144
701 36.2645
702 36.2788
703 36.2213
704 36.2353
705 36.2615
706 36.272
707 36.1452
708 36.1094
709 36.0584
710 35.9173
711 35.975
712 35.7564
713 35.8849
714 35.8697
715 35.9337
716 35.964
717 36.0623
718 36.1523
719 36.1405
720 36.1927
721 36.1907
722 36.1343
723 36.2627
724 36.2449
725 36.2275
726 36.0962
727 36.0871
728 36.0541
729 36.1141
730 36.1892
731 36.1744
732 36.0417
733 35.9485
734 35.8346
735 35.8712
736 35.873
737 35.9375
738 36.1273
739 36.1667
740 36.1382
741 36.1584
742 36.2486
743 36.1675
744 36.1354
745 36.1517
746 36.0749
747 36.1091
748 35.9688
749 36.0474
750 36.0134
751 36.0979
752 36.0812
753 36.08
754 36.0869
755 36.1854
756 36.266
757 36.0853
758 36.2223
759 36.1953
760 36.1299
761 35.9961
762 35.9421
763 35.9288
764 35.854
765 35.8403
766 35.9332
767 35.903
768 35.8488
769 35.8538
770 35.7903
771 35.7676
772 35.7832
773 35.7423
774 35.8576
775 35.9647
776 36.0551
777 36.118
778 36.0836
779 36.0647
780 36.1104
781 36.2056
782 36.073
783 36.1931
784 36.2416
785 35.997
786 35.8773
787 35.971
788 36.0527
789 36.0564
790 36.0772
791 36.0904
792 36.0482
793 36.0942
794 36.06
795 35.9145
796 35.9981
797 35.9537
798 35.8639
799 35.919
800 35.8615
801 35.9387
802 35.8468
803 35.7758
804 35.8102
805 35.7863
806 35.6822
807 35.6687
808 35.8528
809 35.767
810 35.7313
811 35.7792
812 35.8249
813 35.8435
814 35.8953
815 35.9106
816 35.9108
817 35.8661
818 35.9499
819 35.9994
820 35.9555
821 36.154
822 36.2247
823 36.1531
824 36.1811
825 36.0788
826 36.114
827 36.0568
828 36.1336
829 36.148
830 36.1209
831 36.2175
832 36.2001
833 36.1702
834 36.1523
835 36.1934
836 36.068
837 36.2009
838 36.3331
839 36.375
840 36.3309
841 36.3655
842 36.3615
843 36.3667
844 36.4628
845 36.5155
846 36.3902
847 36.2718
848 36.2222
849 36.1752
850 36.2176
851 36.2083
852 36.1789
853 36.1046
854 35.9503
855 35.8404
856 35.8273
857 35.8795
858 35.8046
859 35.859
860 35.902
861 35.9591
862 36.0544
863 36.0981
864 36.0814
865 36.1866
866 36.1258
867 36.1379
868 36.019
869 36.155
870 36.3039
871 36.3134
872 36.4012
873 36.4326
874 36.44
875 36.4227
876 36.3735
877 36.3011
878 36.3285
879 36.1221
880 36.1443
881 36.2089
882 36.2729
883 36.1644
884 36.0834
885 35.9638
886 35.8092
887 35.9461
888 35.9934
889 35.9581
890 36.0561
891 35.9535
892 35.9185
893 35.8325
894 35.8739
895 35.9498
896 35.8115
897 35.7685
898 35.6349
899 35.6392
900 35.6306
901 35.6506
902 35.4606
903 35.5106
904 35.3665
905 35.3468
906 35.4054
907 35.3429
908 35.3311
909 35.3583
910 35.3139
911 35.3045
912 35.4249
913 35.5453
914 35.3483
915 35.3838
916 35.5599
917 35.4919
918 35.6574
919 35.7125
920 35.8609
921 35.8737
922 35.962
923 35.9302
924 35.969
925 35.8721
926 35.8731
927 35.9071
928 35.926
929 35.8622
930 35.7456
931 35.7538
932 35.7106
933 35.755
934 35.8135
935 35.74
936 35.6983
937 35.6304
938 35.6202
939 35.6641
940 35.741
941 35.5696
942 35.6709
943 35.7139
944 35.7205
945 35.7283
946 35.7946
947 35.8042
948 35.6961
949 35.6264
950 35.7024
951 35.6112
952 35.5328
953 35.571
954 35.5278
955 35.5915
956 35.5451
957 35.6758
958 35.7383
959 35.5911
960 35.6451
961 35.6814
962 35.675
963 35.712
964 35.7352
965 35.7048
966 35.6455
967 35.6128
968 35.5152
969 35.4943
970 35.6948
971 35.6869
972 35.5425
973 35.5347
974 35.6203
975 35.6984
976 35.6853
977 35.7424
978 35.7083
979 35.5624
980 35.469
981 35.4303
982 35.3432
983 35.4506
984 35.3555
985 35.6152
986 35.4641
987 35.4784
988 35.5946
989 35.7791
990 35.7766
991 35.6427
992 35.7535
993 35.8439
994 35.8048
995 35.8593
996 35.8749
997 35.6478
998 35.7584
999 35.7755
1000 35.7399
