100 0.0323165 0 0
100 0.0969496 0 0
100 0.161583 0 0
100 0.226216 0 0
100 0.290849 0 0
100 0.355482 0 0
100 0.420115 0 0
100 0.484748 0 0
100 0.549381 0 0
100 0.614014 0 0
100 0.678647 0 0
100 0.74328 0 0
100 0.807913 0.000628425 0.000264353
100 0.872546 0.171044 0.00449002
100 0.937179 1.23695 0.012316
100 1.00181 2.31556 0.0207368
100 1.06645 2.5533 0.0203674
100 1.13108 2.34199 0.0196891
100 1.19571 2.01577 0.0139104
100 1.26034 1.78369 0.0121622
100 1.32498 1.59774 0.0108751
100 1.38961 1.47073 0.00825871
100 1.45424 1.36733 0.00833592
100 1.51888 1.27944 0.0076331
100 1.58351 1.24646 0.00695809
100 1.64814 1.18712 0.00666807
100 1.71278 1.18034 0.0072777
100 1.77741 1.15795 0.00609287
100 1.84204 1.13818 0.00591529
100 1.90667 1.13088 0.00528713
100 1.97131 1.11484 0.00639387
100 2.03594 1.11817 0.00587711
100 2.10057 1.11659 0.00455581
100 2.16521 1.11176 0.00454518
100 2.22984 1.10262 0.0051664
100 2.29447 1.09373 0.00457728
100 2.35911 1.08232 0.00414636
100 2.42374 1.07856 0.00379765
100 2.48837 1.0757 0.00391123
100 2.55301 1.06745 0.00360001
100 2.61764 1.05912 0.00327615
100 2.68227 1.05614 0.00360598
100 2.7469 1.05159 0.00324818
100 2.81154 1.05638 0.00344025
100 2.87617 1.04338 0.00346572
100 2.9408 1.04977 0.00329037
100 3.00544 1.04251 0.00291094
100 3.07007 1.03848 0.00332355
100 3.1347 1.03522 0.00338728
100 3.19934 1.03087 0.00313259
100 3.26397 1.03421 0.00295834
100 3.3286 1.03075 0.00275969
100 3.39323 1.03137 0.00266585
100 3.45787 1.03469 0.00268106
100 3.5225 1.027 0.00277969
100 3.58713 1.02454 0.00248645
100 3.65177 1.02743 0.00249135
100 3.7164 1.0226 0.00274641
100 3.78103 1.02312 0.00265718
100 3.84567 1.01854 0.00260667
100 3.9103 1.01977 0.00231716
100 3.97493 1.02406 0.00223363
100 4.03957 1.02231 0.00219351
100 4.1042 1.01775 0.00237631
100 4.16883 1.01897 0.00224672
100 4.23346 1.01542 0.00262829
100 4.2981 1.01726 0.00238173
100 4.36273 1.01559 0.00211092
100 4.42736 1.02176 0.0021225
100 4.492 1.01876 0.00218696
100 4.55663 1.01615 0.00183413
100 4.62126 1.01342 0.00208395
100 4.6859 1.01857 0.00196097
100 4.75053 1.01223 0.00190225
100 4.81516 1.01371 0.00205021
100 4.87979 1.01474 0.00189353
100 4.94443 1.01299 0.00189186
100 5.00906 1.00651 0.00217933
100 5.07369 1.00839 0.00202883
100 5.13833 1.0137 0.00161921
100 5.20296 1.0107 0.00186973
100 5.26759 1.00764 0.00193497
100 5.33223 1.01447 0.00155187
100 5.39686 1.01034 0.00178353
100 5.46149 1.01036 0.00174742
100 5.52612 1.00849 0.00174671
100 5.59076 1.01062 0.00177361
100 5.65539 1.0105 0.00146433
100 5.72002 1.00936 0.00180858
100 5.78466 1.00696 0.00145454
100 5.84929 1.00772 0.0016221
100 5.91392 1.00706 0.00149597
100 5.97856 1.00973 0.00147877
100 6.04319 1.00512 0.00134649
100 6.10782 1.0084 0.00155775
100 6.17246 1.00453 0.00149491
100 6.23709 1.00753 0.00139535
100 6.30172 1.00526 0.00154418
100 6.36635 1.00754 0.00156491
100 6.43099 0 0
