           1   0.0478732   0.0478732           0
           2   0.0505913   0.0492323  0.00135906
           3    0.051217   0.0498939  0.00102634
           4   0.0487806   0.0496155 0.000777267
           5   0.0501365   0.0497197 0.000611017
           6   0.0494633    0.049677 0.000500721
           7   0.0494942   0.0496509 0.000423991
           8   0.0502291   0.0497232 0.000374232
           9   0.0511078    0.049877  0.00036414
          10   0.0498064   0.0498699 0.000325773
          11   0.0498558   0.0498687 0.000294676
          12   0.0484762   0.0497526 0.000292961
          13   0.0471076   0.0495492 0.000337668
          14   0.0483692   0.0494649 0.000323783
          15   0.0465316   0.0492693   0.0003593
          16   0.0494543   0.0492809 0.000336293
          17   0.0493219   0.0492833 0.000315902
          18    0.049483   0.0492944 0.000298042
          19   0.0484886    0.049252 0.000285092
          20   0.0494084   0.0492598 0.000270575
          21   0.0512119   0.0493528 0.000273641
          22   0.0518742   0.0494674 0.000284969
          23    0.051015   0.0495347 0.000280488
          24   0.0490529   0.0495146 0.000269296
          25   0.0503073   0.0495463 0.000260239
          26   0.0483903   0.0495018 0.000253952
          27      0.0494   0.0494981 0.000244394
          28   0.0497307   0.0495064 0.000235651
          29   0.0472407   0.0494282 0.000240428
          30   0.0495657   0.0494328 0.000232321
          31   0.0494194   0.0494324 0.000224702
          32   0.0475529   0.0493737 0.000225355
          33   0.0492358   0.0493695 0.000218459
          34   0.0508185   0.0494121 0.000216179
          35   0.0473476   0.0493531 0.000218042
          36    0.048164   0.0493201 0.000214457
          37   0.0503185   0.0493471 0.000210319
          38   0.0497009   0.0493564 0.000204921
          39   0.0469408   0.0492944 0.000208987
          40   0.0500478   0.0493133 0.000204564
          41   0.0489931   0.0493055 0.000199665
          42   0.0491105   0.0493008 0.000194909
          43   0.0487472   0.0492879 0.000190757
          44   0.0495012   0.0492928 0.000186434
          45     0.04862   0.0492778 0.000182856
          46    0.049672   0.0492864 0.000179042
          47   0.0516268   0.0493362 0.000182131
          48   0.0496591   0.0493429 0.000178423
          49    0.048695   0.0493297 0.000175243
          50   0.0484036   0.0493112 0.000172699
          51    0.048882   0.0493028 0.000169487
          52   0.0510575   0.0493365 0.000169587
          53   0.0505306    0.049359 0.000167875
          54   0.0487011   0.0493469 0.000165187
          55   0.0471134   0.0493063 0.000167164
          56   0.0492837   0.0493059 0.000164152
          57   0.0486285    0.049294 0.000161684
          58    0.048243   0.0492758 0.000159902
          59   0.0504382   0.0492955 0.000158398
          60   0.0498727   0.0493052 0.000156032
          61   0.0485915   0.0492935 0.000153899
          62   0.0479435   0.0492717 0.000152954
          63   0.0521661   0.0493176 0.000157362
          64   0.0479566   0.0492964 0.000156337
          65   0.0486698   0.0492867 0.000154215
          66    0.048433   0.0492738  0.00015241
          67   0.0478683   0.0492528 0.000151577
          68   0.0481934   0.0492372 0.000150142
          69   0.0479847   0.0492191 0.000149059
          70   0.0491026   0.0492174 0.000146924
          71   0.0478864   0.0491987 0.000146048
          72   0.0472516   0.0491716 0.000146522
          73   0.0487081   0.0491653 0.000144641
          74   0.0468993   0.0491347 0.000145922
          75   0.0487795   0.0491299 0.000144041
          76    0.050728    0.049151  0.00014368
          77   0.0506687   0.0491707 0.000143165
          78   0.0516583   0.0492026 0.000144872
          79   0.0507646   0.0492223 0.000144386
          80    0.048489   0.0492132 0.000142864
          81   0.0503524   0.0492272 0.000141789
          82    0.049696   0.0492329 0.000140166
          83   0.0499702   0.0492418 0.000138751
          84   0.0493843   0.0492435   0.0001371
          85   0.0502466   0.0492553 0.000135991
          86   0.0500981   0.0492651 0.000134757
          87   0.0520386    0.049297 0.000136961
          88   0.0489349   0.0492929 0.000135458
          89    0.047424   0.0492719 0.000135563
          90   0.0507526   0.0492883 0.000135054
          91   0.0480768    0.049275 0.000134224
          92    0.047647   0.0492573 0.000133931
          93   0.0495265   0.0492602 0.000132515
          94   0.0492601   0.0492602 0.000131098
          95   0.0482332   0.0492494  0.00013016
          96   0.0484852   0.0492415 0.000129043
          97   0.0484977   0.0492338 0.000127936
          98   0.0475064   0.0492162 0.000127844
          99   0.0488194   0.0492122  0.00012661
         100   0.0481153   0.0492012 0.000125816
