           1   -0.415625   -0.415625           0
           2   -0.428682   -0.422153  0.00652824
           3   -0.434952    -0.42642  0.00569258
           4   -0.439253   -0.429628  0.00514745
           5   -0.415746   -0.426852  0.00485857
           6   -0.403022    -0.42288  0.00561342
           7   -0.403275   -0.420079  0.00550926
           8   -0.426378   -0.420867  0.00483569
           9   -0.396502   -0.418159  0.00505136
          10    -0.42563   -0.418907  0.00457942
          11   -0.406631   -0.417791  0.00428992
          12   -0.422292   -0.418166  0.00393407
          13   -0.430058    -0.41908  0.00373265
          14   -0.408758   -0.418343  0.00353355
          15   -0.432949   -0.419317  0.00343064
          16   -0.401666   -0.418214  0.00339339
          17   -0.415499   -0.418054  0.00319153
          18   -0.403492   -0.417245  0.00311587
          19   -0.418326   -0.417302  0.00294786
          20     -0.4163   -0.417252  0.00279704
          21   -0.409959   -0.416905  0.00268308
          22   -0.396195   -0.415963  0.00272592
          23   -0.412997   -0.415834   0.0026079
          24   -0.393884    -0.41492   0.0026591
          25   -0.408381   -0.414658   0.0025639
          26   -0.402326   -0.414184  0.00250856
          27   -0.395427   -0.413489  0.00251184
          28   -0.407646    -0.41328  0.00242945
          29   -0.402109   -0.412895  0.00237562
          30   -0.406291   -0.412675   0.0023056
          31   -0.403764   -0.412388  0.00224844
          32   -0.412215   -0.412382  0.00217705
          33   -0.421618   -0.412662  0.00212852
          34   -0.414102   -0.412704  0.00206541
          35   -0.437847   -0.413423   0.0021303
          36   -0.404366   -0.413171  0.00208551
          37   -0.419801    -0.41335  0.00203626
          38   -0.414414   -0.413378  0.00198215
          39   -0.413768   -0.413388  0.00193068
          40   -0.400367   -0.413063  0.00190975
          41   -0.412343   -0.413045  0.00186267
          42   -0.423322    -0.41329  0.00183417
          43   -0.405134     -0.4131  0.00180103
          44   -0.426111   -0.413396  0.00178429
          45   -0.433829    -0.41385  0.00180232
          46   -0.439837   -0.414415  0.00185102
          47   -0.395567   -0.414014  0.00185507
          48   -0.429275   -0.414332  0.00184364
          49   -0.417852   -0.414404  0.00180705
          50   -0.421575   -0.414547  0.00177634
          51    -0.39839    -0.41423  0.00176975
          52   -0.400103   -0.413959  0.00175652
          53   -0.400144   -0.413698  0.00174266
          54   -0.406296   -0.413561  0.00171557
          55     -0.4253   -0.413774  0.00169756
          56    -0.40944   -0.413697  0.00166877
          57   -0.409873    -0.41363   0.0016406
          58   -0.423771   -0.413805  0.00162152
          59   -0.400893   -0.413586  0.00160875
          60   -0.401857    -0.41339  0.00159375
          61   -0.410152   -0.413337   0.0015683
          62   -0.407611   -0.413245  0.00154556
          63   -0.411343   -0.413215  0.00152113
          64   -0.403732   -0.413067  0.00150449
          65   -0.404763   -0.412939  0.00148666
          66   -0.412757   -0.412936  0.00146396
          67   -0.423177   -0.413089  0.00145003
          68   -0.405383   -0.412976  0.00143303
          69   -0.416515   -0.413027  0.00141304
          70    -0.40287   -0.412882  0.00140025
          71   -0.406092   -0.412786  0.00138369
          72   -0.449388   -0.413295  0.00145597
          73   -0.429552   -0.413517  0.00145306
          74    -0.41783   -0.413576  0.00143447
          75   -0.411808   -0.413552  0.00141541
          76   -0.390672   -0.413251  0.00142874
          77   -0.422162   -0.413367  0.00141481
          78   -0.441292   -0.413725  0.00144171
          79   -0.421612   -0.413824  0.00142684
          80   -0.427271   -0.413993  0.00141888
          81   -0.406616   -0.413902  0.00140421
          82   -0.393564   -0.413653  0.00140898
          83   -0.427618   -0.413822  0.00140203
          84   -0.403481   -0.413699   0.0013907
          85   -0.406404   -0.413613  0.00137692
          86   -0.398605   -0.413438  0.00137196
          87   -0.378709   -0.413039  0.00141363
          88   -0.418758   -0.413104  0.00139898
          89   -0.428283   -0.413275  0.00139365
          90     -0.4105   -0.413244  0.00137842
          91   -0.425186   -0.413375  0.00136949
          92    -0.41533   -0.413396  0.00135469
          93   -0.425742   -0.413529  0.00134661
          94    -0.41983   -0.413596  0.00133389
          95   -0.422123   -0.413686  0.00132282
          96   -0.413519   -0.413684  0.00130897
          97   -0.426177   -0.413813  0.00130179
          98   -0.401491   -0.413687  0.00129456
          99     -0.4245   -0.413796  0.00128607
         100   -0.437152    -0.41403  0.00129439
