0.997645 1.00356 0.983347
1.00083 1.0218 0.824942
1.00269 1.0157 0.822835
1.00286 1.02426 0.892557
0.988621 1.02517 1.13515
0.996229 1.01403 0.892437
1.003 0.996136 0.952079
0.985065 0.977262 0.72492
0.987629 0.99033 0.729086
0.984257 0.97912 0.596111
0.979002 0.980157 0.581621
0.974378 0.975638 0.38983
0.982274 0.968448 0.511456
0.96826 0.961734 0.314529
0.952117 0.963678 0.478156
0.965364 0.963085 0.448961
0.962192 0.968795 0.435274
0.97388 0.972844 0.501102
0.96255 0.964676 0.469629
0.975455 0.956836 0.674379
0.992421 0.962548 0.438202
0.97928 0.947694 0.46669
0.9776 0.93874 0.337126
0.961279 0.942343 0.367209
0.975494 0.934827 0.426677
0.960143 0.935793 0.224163
0.961703 0.920484 0.378475
0.948894 0.907278 0.222317
0.953974 0.904142 0.229296
0.954061 0.925412 0.446069
0.957948 0.934216 0.255262
0.969562 0.917256 0.492518
0.967844 0.933027 0.257907
0.97114 0.919947 0.416096
0.97968 0.913116 0.250371
0.975818 0.90188 0.155765
0.967023 0.892823 0.14534
0.957016 0.909233 0.202615
0.959949 0.88256 0.166802
0.958191 0.879849 0.0726741
0.938131 0.879162 0.0826933
0.95741 0.866471 0.235373
0.94677 0.862296 -0.0121124
0.939476 0.868734 0.0122225
0.948604 0.884046 0.099428
0.933995 0.889438 0.0948427
0.91574 0.877599 -0.0574929
0.913554 0.882198 0.0752126
0.917222 0.875081 0.087379
0.89964 0.868961 0.0244835
0.889638 0.852364 -0.01843
0.89238 0.85649 -0.0961941
0.904814 0.85287 0.0707683
0.907815 0.847404 0.134221
0.91056 0.851419 0.0347369
0.904305 0.842674 -0.0104566
0.892193 0.852796 -0.0980765
0.906554 0.852727 0.0227787
0.908302 0.829542 -0.0241962
0.892212 0.824433 -0.0613135
0.884047 0.831552 -0.0754275
0.862943 0.828232 -0.182359
0.853755 0.825608 -0.120759
0.829708 0.813802 -0.134616
0.833619 0.822967 -0.177282
0.82711 0.823044 -0.101778
0.82586 0.809143 -0.252017
0.828821 0.810726 -0.151027
0.828518 0.816839 -0.168854
0.827563 0.80558 -0.185016
0.82601 0.795048 -0.297664
0.826708 0.78164 -0.238263
0.849403 0.788001 -0.193804
0.828298 0.783596 -0.243401
0.832928 0.779981 -0.201013
0.838374 0.76048 -0.277523
0.839152 0.748245 -0.32595
0.841474 0.753375 -0.331312
0.836222 0.739848 -0.297686
0.838284 0.741167 -0.284218
0.832999 0.735143 -0.319513
0.839116 0.720012 -0.333868
0.851173 0.707414 -0.381774
0.863137 0.7116 -0.336476
0.861453 0.72072 -0.321317
0.842513 0.745703 -0.30273
0.849939 0.730541 -0.290296
0.846359 0.737155 -0.293312
0.849269 0.730774 -0.302459
0.867066 0.730102 -0.263601
0.8864 0.721676 -0.277046
0.899648 0.712613 -0.320206
0.891171 0.712946 -0.322857
0.906803 0.710616 -0.296324
0.898428 0.716964 -0.273667
0.895063 0.713035 -0.324959
0.876556 0.715656 -0.223987
0.881624 0.724244 -0.262009
0.884809 0.727456 -0.266918
0.886934 0.727493 -0.319098
0.884764 0.722693 -0.249911
0.916318 0.701776 -0.315614
0.915744 0.700038 -0.249312
0.916676 0.726635 -0.228538
0.915956 0.712653 -0.281549
0.913151 0.719067 -0.304987
0.934011 0.713989 -0.232593
0.916076 0.713617 -0.298475
0.90904 0.712884 -0.225896
0.915196 0.715156 -0.286317
0.918161 0.725429 -0.26168
0.919684 0.736996 -0.284521
0.91571 0.745672 -0.246415
0.901007 0.75151 -0.22191
0.898999 0.756421 -0.246607
0.904727 0.745529 -0.256737
0.909876 0.743791 -0.242268
0.921698 0.741613 -0.188594
0.91246 0.73618 -0.312884
0.91017 0.736136 -0.260208
0.903606 0.744067 -0.24484
0.885552 0.743601 -0.306137
0.902396 0.740347 -0.274765
0.896766 0.741422 -0.297729
0.89661 0.728785 -0.26922
0.88884 0.719724 -0.272216
0.892278 0.700417 -0.267334
0.883076 0.68829 -0.346801
0.874034 0.689247 -0.341548
0.891016 0.692994 -0.238921
0.870023 0.706624 -0.348323
0.877977 0.707747 -0.288293
0.867862 0.721374 -0.314884
0.833541 0.728628 -0.323934
0.839787 0.719384 -0.304971
0.834461 0.719105 -0.335861
0.840442 0.72466 -0.297566
0.829936 0.71453 -0.373868
0.834851 0.711607 -0.298583
0.847762 0.72818 -0.32626
0.842279 0.737729 -0.315028
0.852745 0.746143 -0.302283
0.86471 0.752862 -0.205077
0.880528 0.751345 -0.264807
0.868436 0.766101 -0.21108
0.870654 0.762804 -0.217715
0.889605 0.753281 -0.25962
0.89438 0.762618 -0.236671
0.917744 0.745072 -0.257992
0.919396 0.730392 -0.228854
0.934457 0.733069 -0.273068
0.922944 0.751668 -0.213576
0.896784 0.749797 -0.186978
0.908279 0.759451 -0.255268
0.891634 0.750531 -0.281193
0.882519 0.739371 -0.292055
0.873609 0.739981 -0.290432
0.864932 0.745887 -0.29469
0.853806 0.731785 -0.285858
0.841034 0.727745 -0.328963
0.840503 0.710688 -0.37271
0.819844 0.694627 -0.360879
0.816425 0.693821 -0.316468
0.818691 0.687714 -0.351183
0.802362 0.688133 -0.3459
0.792865 0.70403 -0.340658
0.801142 0.687123 -0.369322
0.794668 0.674607 -0.37714
0.801691 0.675251 -0.384308
0.790522 0.654216 -0.383321
0.763635 0.644247 -0.342128
0.749007 0.631908 -0.398118
0.752551 0.626437 -0.389719
0.749397 0.622988 -0.394175
0.762491 0.621939 -0.378724
0.781617 0.598725 -0.379291
0.77382 0.588436 -0.380107
0.794981 0.567518 -0.328472
0.781512 0.571392 -0.352771
0.772896 0.577567 -0.38474
0.786669 0.565205 -0.337653
0.812261 0.576141 -0.356601
0.800271 0.569061 -0.366199
0.806008 0.561412 -0.345987
0.800536 0.55781 -0.329313
0.779822 0.566433 -0.322065
0.779632 0.589977 -0.398208
0.776053 0.590534 -0.366719
0.765788 0.595614 -0.367905
0.753389 0.59633 -0.375657
0.76221 0.607639 -0.386626
0.747774 0.607405 -0.393237
0.74974 0.603355 -0.360857
0.75179 0.645172 -0.398623
0.759949 0.644205 -0.367638
0.754272 0.645079 -0.378157
0.751419 0.658347 -0.377248
0.744373 0.649934 -0.398004
0.759172 0.665674 -0.364624
0.768711 0.675845 -0.409932
0.776044 0.65358 -0.386115
0.761295 0.655087 -0.375243
0.775753 0.651129 -0.396191
0.771749 0.647255 -0.412586
0.76248 0.644702 -0.376318
0.775637 0.639749 -0.400141
0.793713 0.631568 -0.391584
0.799785 0.599227 -0.373733
0.800452 0.606074 -0.384781
0.799455 0.621185 -0.396692
0.801349 0.635319 -0.383111
0.799242 0.641983 -0.395495
0.772641 0.630454 -0.361296
0.77876 0.633544 -0.400581
0.781666 0.662856 -0.415358
0.784284 0.654866 -0.381883
0.769529 0.666413 -0.394435
0.789912 0.658597 -0.387705
0.800365 0.65963 -0.396735
0.804869 0.670886 -0.39716
0.811029 0.661571 -0.403034
0.794258 0.666593 -0.326779
0.782004 0.673593 -0.388721
0.76401 0.665855 -0.358791
0.768778 0.676026 -0.382154
0.769812 0.657238 -0.408886
0.781316 0.651047 -0.408735
0.774373 0.636685 -0.382348
0.784655 0.64141 -0.371385
0.752661 0.648089 -0.382396
0.75507 0.661062 -0.408863
0.764056 0.654032 -0.385585
0.759896 0.664226 -0.387723
0.753068 0.653791 -0.404176
0.77036 0.655697 -0.400748
0.781011 0.661899 -0.375938
0.779515 0.654651 -0.417558
0.74712 0.655887 -0.402739
0.750604 0.672133 -0.370673
0.735661 0.688341 -0.317086
0.726167 0.684947 -0.356441
0.731419 0.699984 -0.360399
0.709374 0.702012 -0.332038
0.705639 0.714559 -0.306117
0.691317 0.722297 -0.300571
0.701398 0.719788 -0.342443
0.703411 0.724009 -0.297682
0.717755 0.72792 -0.309358
0.722596 0.722232 -0.337218
0.718316 0.723908 -0.336326
0.727464 0.738441 -0.312689
0.718002 0.74853 -0.289916
0.716985 0.750323 -0.292754
0.718505 0.775377 -0.288366
0.721795 0.778121 -0.266945
0.727091 0.780477 -0.286597
0.726908 0.794946 -0.257253
0.709847 0.77531 -0.288056
0.692226 0.76665 -0.265879
0.695788 0.773046 -0.263159
0.703983 0.775783 -0.222754
0.705554 0.7889 -0.240722
0.721982 0.770767 -0.279043
0.714429 0.778887 -0.217121
0.723766 0.783459 -0.261383
0.744028 0.785233 -0.258329
0.741297 0.775705 -0.256967
0.711854 0.756578 -0.300858
0.715763 0.743897 -0.303314
0.716218 0.730569 -0.283527
0.721376 0.730174 -0.318534
0.752728 0.735963 -0.301838
0.763375 0.735438 -0.349736
0.77831 0.734653 -0.34091
0.768187 0.729151 -0.320807
0.774272 0.709907 -0.352509
0.762694 0.699381 -0.351992
0.782995 0.702208 -0.35415
0.797483 0.707975 -0.367995
0.797764 0.701837 -0.347676
0.796987 0.708122 -0.372552
0.790238 0.695424 -0.370504
0.824099 0.693749 -0.354133
0.816001 0.676432 -0.405474
0.800634 0.670159 -0.348387
0.778683 0.678555 -0.383024
0.760916 0.671189 -0.377043
0.751463 0.666864 -0.386537
0.725268 0.676056 -0.368071
0.738275 0.670413 -0.354304
0.752768 0.674974 -0.370273
0.768918 0.685095 -0.375962
0.772567 0.68515 -0.370872
0.782222 0.673746 -0.363171
0.813113 0.672251 -0.378538
0.797848 0.676574 -0.390118
0.817074 0.672892 -0.369792
0.815122 0.693835 -0.372886
0.836999 0.692512 -0.39609
0.844719 0.682849 -0.325321
0.84624 0.680773 -0.368484
0.82988 0.68992 -0.405347
0.82116 0.680632 -0.351488
0.815059 0.683145 -0.356748
0.802593 0.689749 -0.351611
0.814146 0.691372 -0.36253
0.814833 0.689899 -0.359426
0.830162 0.701118 -0.376181
0.820247 0.712358 -0.346878
0.843517 0.683974 -0.386396
0.848402 0.675007 -0.378249
0.852138 0.675953 -0.386506
0.838137 0.694214 -0.335386
0.828657 0.68336 -0.368467
0.832043 0.666875 -0.358942
0.844502 0.654842 -0.370631
0.880702 0.651576 -0.323456
0.867915 0.638511 -0.360662
0.860777 0.643805 -0.338125
0.862801 0.64027 -0.343239
0.872126 0.656817 -0.368802
0.881324 0.674114 -0.352001
0.89122 0.654141 -0.345265
0.879702 0.660015 -0.339279
0.873046 0.643229 -0.349934
0.856461 0.644216 -0.346408
0.8404 0.641154 -0.402953
0.834159 0.648924 -0.413556
0.840187 0.648136 -0.361423
0.862934 0.652669 -0.390213
0.869385 0.648516 -0.397887
0.871217 0.650601 -0.325454
0.864882 0.643088 -0.367865
0.863034 0.656264 -0.350097
0.842366 0.655441 -0.358657
0.829876 0.64942 -0.368932
0.823658 0.658958 -0.369638
0.82258 0.67734 -0.354349
0.793775 0.675803 -0.389625
0.798387 0.674578 -0.407437
0.813515 0.67056 -0.342938
0.801487 0.6629 -0.398196
0.807084 0.643332 -0.376415
0.802813 0.62472 -0.39134
0.814461 0.646 -0.402887
0.836076 0.651858 -0.361539
0.830536 0.656301 -0.396088
0.827769 0.658241 -0.378157
0.832326 0.652695 -0.390031
0.831337 0.676573 -0.417493
0.8305 0.693476 -0.374308
0.831451 0.704799 -0.361757
0.817477 0.720345 -0.327779
0.802331 0.702024 -0.349345
0.810972 0.703893 -0.380734
0.809174 0.690819 -0.361884
0.822642 0.672849 -0.369639
0.815698 0.685286 -0.367351
0.802463 0.690261 -0.35765
0.772921 0.674197 -0.393879
0.743439 0.674782 -0.372209
0.75539 0.669272 -0.349551
0.744723 0.681118 -0.381293
0.740717 0.658961 -0.365061
0.731403 0.672426 -0.369551
0.727561 0.684825 -0.350855
0.720742 0.677241 -0.360526
0.719639 0.66981 -0.34255
0.720328 0.676354 -0.35171
0.716771 0.659854 -0.356148
0.71291 0.662172 -0.375044
0.704875 0.637965 -0.363455
0.698664 0.637686 -0.337625
0.694178 0.65911 -0.320264
0.690248 0.657641 -0.318814
0.668791 0.644101 -0.328374
0.686478 0.652436 -0.318496
0.694878 0.626158 -0.351483
0.686263 0.614474 -0.350832
0.681906 0.617853 -0.322318
0.668691 0.614784 -0.302488
0.686228 0.609983 -0.333461
0.704941 0.590901 -0.347086
0.686102 0.615552 -0.346614
0.691945 0.593307 -0.353546
0.687208 0.596365 -0.336591
0.703042 0.573929 -0.343641
0.697302 0.592569 -0.364996
0.696159 0.594712 -0.354635
0.703963 0.595 -0.336719
0.700209 0.598322 -0.349345
0.701474 0.600935 -0.353173
0.72688 0.602662 -0.358256
0.740156 0.593895 -0.378871
0.733426 0.598245 -0.378917
0.724486 0.618457 -0.376581
0.737521 0.622841 -0.389452
0.757041 0.64606 -0.383104
0.736708 0.650394 -0.383568
0.719178 0.657355 -0.360106
0.727583 0.651942 -0.371234
0.723969 0.648206 -0.371156
0.730656 0.651762 -0.362033
0.734692 0.639055 -0.370333
0.718483 0.634032 -0.364118
0.721604 0.636561 -0.364824
0.707902 0.657999 -0.362495
0.707629 0.675925 -0.372002
0.698765 0.66572 -0.35048
0.706011 0.642118 -0.362756
0.710498 0.644139 -0.374071
0.702822 0.660641 -0.353181
0.689607 0.686316 -0.343533
0.692341 0.671679 -0.347427
0.693867 0.667501 -0.333004
0.695607 0.666563 -0.350087
0.704562 0.65686 -0.361886
0.7037 0.643975 -0.3798
0.698425 0.622963 -0.375848
0.710798 0.617253 -0.375225
0.720592 0.618725 -0.37062
0.738092 0.615707 -0.370194
0.739432 0.62074 -0.383232
0.728477 0.610383 -0.375384
0.738638 0.611078 -0.375913
0.736353 0.608693 -0.363053
0.743469 0.614899 -0.394889
0.744677 0.591763 -0.377005
0.734739 0.605333 -0.391727
0.743976 0.586207 -0.343232
0.727193 0.581843 -0.348461
0.715233 0.562316 -0.330044
0.704366 0.558418 -0.322351
0.710989 0.560348 -0.331384
0.700263 0.575016 -0.350306
0.680118 0.602085 -0.325227
0.686606 0.606677 -0.341909
0.666552 0.583043 -0.333914
0.659663 0.581703 -0.299398
0.676456 0.578828 -0.319145
0.683899 0.577034 -0.342246
0.675129 0.577882 -0.317377
0.65928 0.582207 -0.306055
0.65793 0.604864 -0.283246
0.663232 0.614261 -0.319057
0.664176 0.581349 -0.314978
0.652372 0.565008 -0.29082
0.655902 0.579157 -0.295429
0.665915 0.564933 -0.300602
0.658969 0.553739 -0.306955
0.650784 0.545722 -0.262854
0.640816 0.537773 -0.255049
0.642544 0.546476 -0.259435
0.614699 0.561376 -0.236287
0.622492 0.576455 -0.257109
0.614998 0.558214 -0.212774
0.608754 0.547839 -0.226152
0.613579 0.560261 -0.234976
0.618744 0.581748 -0.237577
0.606599 0.589144 -0.247047
0.615656 0.595659 -0.267096
0.620985 0.601498 -0.257441
0.636381 0.608311 -0.294087
0.626649 0.630329 -0.272067
0.617185 0.616516 -0.250485
0.62656 0.619749 -0.287164
0.624196 0.620332 -0.266256
0.637676 0.612876 -0.27073
0.639074 0.607006 -0.26923
0.656044 0.602666 -0.308478
0.66803 0.596006 -0.32617
0.682413 0.581685 -0.328209
0.681906 0.569606 -0.313589
0.670234 0.576963 -0.315927
0.666614 0.589764 -0.310303
0.664746 0.591871 -0.311363
0.662434 0.594978 -0.319378
0.642655 0.598495 -0.29534
0.648375 0.608681 -0.297575
0.646739 0.603405 -0.292992
0.654746 0.590008 -0.293576
0.668325 0.594225 -0.312959
0.663886 0.57819 -0.322085
0.666092 0.575019 -0.312457
0.65968 0.568207 -0.30133
0.653876 0.583592 -0.31062
0.645695 0.582591 -0.28594
0.637545 0.592204 -0.296014
0.635119 0.600207 -0.258166
0.636246 0.603498 -0.298421
0.636632 0.613649 -0.269275
0.645641 0.604559 -0.300061
0.666074 0.612332 -0.331789
0.690221 0.608222 -0.3439
0.68576 0.609536 -0.347682
0.675682 0.598974 -0.348104
0.670432 0.608626 -0.333163
0.655009 0.594035 -0.303198
0.661763 0.596841 -0.306591
0.687397 0.57387 -0.325351
0.692011 0.566685 -0.350805
0.678963 0.565065 -0.28049
0.670924 0.538741 -0.266554
0.672049 0.538127 -0.297044
0.691652 0.562101 -0.309267
0.686451 0.565357 -0.319009
0.701606 0.594961 -0.342441
0.704458 0.608726 -0.358762
0.704223 0.625328 -0.35938
0.704236 0.608011 -0.358524
0.698714 0.594844 -0.350654
0.696118 0.583603 -0.337987
0.714118 0.583108 -0.34945
0.726761 0.600364 -0.377083
0.719277 0.590966 -0.344236
0.698516 0.603464 -0.354479
0.707536 0.618078 -0.362474
0.724382 0.640753 -0.38488
0.713982 0.655462 -0.365863
0.722514 0.658672 -0.374925
0.713395 0.666759 -0.340072
0.719686 0.682559 -0.339327
0.723398 0.703013 -0.3339
0.699314 0.706467 -0.339549
0.696132 0.702819 -0.315291
0.720213 0.707054 -0.323811
0.722932 0.708917 -0.347576
0.721025 0.702116 -0.35539
0.719671 0.700997 -0.354675
0.724577 0.709912 -0.328343
0.716075 0.704453 -0.361781
0.701802 0.722873 -0.289168
0.713175 0.720919 -0.332222
0.712352 0.721724 -0.293229
0.720829 0.707861 -0.341051
0.733269 0.707926 -0.323093
0.72165 0.717796 -0.298501
0.721472 0.716642 -0.336606
0.719464 0.71701 -0.288926
0.71151 0.711005 -0.344587
0.71717 0.703776 -0.31111
0.722385 0.702796 -0.367067
0.723176 0.69832 -0.365463
0.735999 0.69182 -0.375267
0.747154 0.719006 -0.356604
0.742908 0.702901 -0.329087
0.750787 0.701718 -0.329461
0.732992 0.694346 -0.350404
0.738054 0.706492 -0.356074
0.730682 0.72172 -0.325449
0.736543 0.717658 -0.36263
0.732281 0.717823 -0.340182
0.711713 0.717113 -0.305896
0.714749 0.71349 -0.31553
0.715084 0.721238 -0.338267
0.710612 0.720526 -0.33485
0.720004 0.717989 -0.321623
0.701801 0.725744 -0.291335
0.713102 0.716492 -0.331298
0.720904 0.710546 -0.354983
0.717162 0.715698 -0.298827
0.682639 0.709008 -0.293729
0.678443 0.72967 -0.304525
0.668204 0.724418 -0.287698
0.672867 0.747938 -0.257576
0.671513 0.725799 -0.287126
0.671033 0.719216 -0.277275
0.677661 0.719292 -0.293362
0.678898 0.734034 -0.28899
0.671177 0.722371 -0.324169
0.663431 0.69659 -0.285368
0.663373 0.718436 -0.303399
0.659711 0.71246 -0.266643
0.642803 0.70633 -0.28164
0.64558 0.684847 -0.286704
0.657006 0.680058 -0.27039
0.648721 0.676244 -0.277531
0.647552 0.670128 -0.278848
0.676452 0.68987 -0.307578
0.674294 0.69746 -0.29622
0.676509 0.705898 -0.320189
0.663252 0.703489 -0.279731
0.66201 0.699297 -0.273989
0.659658 0.693478 -0.26302
0.676049 0.690721 -0.304661
0.681086 0.70213 -0.26987
0.682175 0.709763 -0.345118
0.68664 0.705268 -0.299084
0.694328 0.72809 -0.302954
0.676624 0.744466 -0.286263
0.654001 0.746342 -0.261448
0.656897 0.745709 -0.237493
0.660134 0.747133 -0.255087
0.664742 0.75612 -0.256607
0.668398 0.774152 -0.259866
0.68201 0.764158 -0.2857
0.702137 0.766168 -0.279035
0.711594 0.751558 -0.298376
0.700192 0.743649 -0.315731
0.708077 0.749786 -0.237209
0.710934 0.759357 -0.299691
0.708583 0.73794 -0.296593
0.711741 0.745797 -0.329811
0.699701 0.739918 -0.292314
0.68543 0.740582 -0.304147
0.685207 0.738707 -0.292499
0.683281 0.721853 -0.302488
0.682804 0.720558 -0.250208
0.681225 0.700224 -0.297851
0.676546 0.708808 -0.297763
0.684129 0.704257 -0.314382
0.673492 0.70247 -0.32352
0.695307 0.703594 -0.360099
0.700051 0.681449 -0.367259
0.724124 0.671794 -0.359665
0.728965 0.671247 -0.370566
0.737424 0.667881 -0.372908
0.723583 0.658901 -0.357732
0.731162 0.671364 -0.359378
0.722529 0.666321 -0.352987
0.728828 0.668681 -0.332721
0.735846 0.654372 -0.378709
0.744429 0.644974 -0.385043
0.745849 0.665292 -0.376275
0.732288 0.670081 -0.367971
0.737985 0.672369 -0.370731
0.734939 0.671732 -0.360481
0.727028 0.6698 -0.348084
0.735195 0.672933 -0.368554
0.74767 0.682319 -0.339901
0.7548 0.670167 -0.391356
0.756635 0.663325 -0.393536
0.738547 0.640577 -0.404669
0.736518 0.647356 -0.382382
0.729149 0.65153 -0.365172
0.716098 0.653773 -0.349521
0.72939 0.646822 -0.373257
0.72632 0.631333 -0.37315
0.717709 0.606486 -0.367381
0.728363 0.622261 -0.379004
0.74272 0.62302 -0.391727
0.760069 0.629222 -0.405297
0.759641 0.632103 -0.409338
0.755798 0.656561 -0.392172
0.763688 0.662917 -0.397852
0.77744 0.653868 -0.370254
0.767693 0.654267 -0.373372
0.769698 0.651553 -0.38111
0.764009 0.651484 -0.403053
0.777738 0.662816 -0.408291
0.768502 0.662757 -0.39258
0.780444 0.665194 -0.397496
0.776408 0.644786 -0.385179
0.773015 0.639386 -0.381834
0.758015 0.633652 -0.402045
0.757199 0.644382 -0.378988
0.736649 0.642427 -0.395734
0.735254 0.636089 -0.392988
0.730344 0.641707 -0.385629
0.739129 0.640287 -0.373881
0.713403 0.645607 -0.369037
0.713292 0.637668 -0.353003
0.699717 0.621357 -0.353706
0.704956 0.58628 -0.360927
0.704535 0.594515 -0.365249
0.714036 0.604237 -0.364575
0.720734 0.599971 -0.367423
0.720307 0.590934 -0.369295
0.707955 0.586363 -0.350806
0.69401 0.589102 -0.339287
0.70637 0.603344 -0.351483
0.703538 0.60738 -0.351239
0.706757 0.605368 -0.353596
0.713192 0.613595 -0.376613
0.712823 0.607507 -0.359843
0.72602 0.611166 -0.363865
0.716677 0.588126 -0.340454
0.725686 0.584698 -0.369328
0.721837 0.603361 -0.361519
0.71277 0.587071 -0.35125
0.716712 0.590549 -0.35858
0.730045 0.590321 -0.379178
0.72534 0.589667 -0.34503
0.742463 0.580888 -0.375953
0.753321 0.570547 -0.364067
0.779292 0.562709 -0.342517
0.786406 0.577575 -0.379451
0.787972 0.592454 -0.366848
0.799162 0.580989 -0.354762
0.80334 0.588856 -0.373678
0.78544 0.585518 -0.372993
0.788324 0.586823 -0.365933
0.780642 0.585114 -0.369566
0.805911 0.598156 -0.341778
0.816428 0.605944 -0.390027
0.816775 0.608258 -0.389503
0.800239 0.612143 -0.362668
0.812729 0.609917 -0.376258
0.800456 0.601029 -0.392452
0.808785 0.602734 -0.389741
0.791721 0.622257 -0.397559
0.802995 0.636492 -0.379252
0.797047 0.637841 -0.391543
0.792811 0.638882 -0.406269
0.77528 0.653119 -0.388662
0.757344 0.625526 -0.366816
0.750867 0.646853 -0.366298
0.74999 0.641655 -0.390427
0.760731 0.619526 -0.39301
0.756659 0.636068 -0.384734
0.762861 0.633721 -0.392201
0.779014 0.637963 -0.39567
0.764547 0.619449 -0.38696
0.769192 0.633032 -0.384386
0.782324 0.634053 -0.38393
0.785989 0.618156 -0.368165
0.794055 0.606523 -0.394783
0.79058 0.620056 -0.411992
0.806154 0.613878 -0.393363
0.818353 0.610303 -0.380507
0.819338 0.583875 -0.35496
0.82462 0.58847 -0.364568
0.854061 0.585731 -0.351003
0.857373 0.598177 -0.34886
0.855936 0.575153 -0.324643
0.846799 0.550432 -0.269387
0.838885 0.554506 -0.288195
0.841344 0.558404 -0.297417
0.847659 0.57537 -0.323428
0.834563 0.566922 -0.342856
0.839241 0.597861 -0.378772
0.834355 0.589088 -0.339259
0.835173 0.594285 -0.369341
0.845531 0.581648 -0.344006
0.850051 0.567 -0.330693
0.856908 0.562032 -0.300409
0.868612 0.566619 -0.319464
0.857949 0.558537 -0.294354
0.865121 0.568304 -0.292732
0.895197 0.58251 -0.321853
0.893122 0.596816 -0.331856
0.882823 0.599589 -0.333951
0.89074 0.587205 -0.315585
0.893329 0.592328 -0.301009
0.877225 0.588196 -0.333242
0.865803 0.592366 -0.356362
0.85019 0.587644 -0.341534
0.851619 0.606564 -0.381322
0.845402 0.600963 -0.380784
0.853053 0.603975 -0.32993
0.858261 0.621711 -0.399855
0.861085 0.63366 -0.367116
0.853076 0.637543 -0.380148
0.853576 0.635444 -0.340568
0.85951 0.626058 -0.375211
0.858018 0.599737 -0.356671
0.85306 0.584376 -0.357823
0.864994 0.596412 -0.3387
0.859554 0.593586 -0.36802
0.859249 0.607147 -0.384129
0.840462 0.606774 -0.353957
0.834467 0.604148 -0.344662
0.844114 0.611985 -0.380888
0.862154 0.599891 -0.395083
0.865988 0.598815 -0.365321
0.870324 0.596105 -0.329783
0.881242 0.602779 -0.34601
0.892273 0.604101 -0.333955
0.871924 0.613646 -0.359668
0.844646 0.630019 -0.395438
0.841378 0.627545 -0.372845
0.852018 0.648297 -0.374362
0.851751 0.64495 -0.375926
0.846486 0.649112 -0.392122
0.84623 0.643091 -0.362283
0.840563 0.658957 -0.375314
0.854219 0.647886 -0.359469
0.860678 0.62907 -0.383643
0.867896 0.609739 -0.344277
0.86178 0.617488 -0.391562
0.841396 0.61925 -0.377025
0.852574 0.629321 -0.400929
0.825507 0.632728 -0.413689
0.82275 0.613403 -0.382796
0.807186 0.615935 -0.38652
0.80168 0.600933 -0.363816
0.801838 0.595573 -0.38645
0.79554 0.59095 -0.354849
0.778646 0.605107 -0.385095
0.75742 0.597047 -0.388291
0.759908 0.584495 -0.362894
0.780711 0.581207 -0.368493
0.769316 0.574624 -0.37241
0.773217 0.56558 -0.359802
0.781122 0.580226 -0.379629
0.780467 0.560952 -0.333268
0.783613 0.566109 -0.347013
0.771733 0.569348 -0.355146
0.764809 0.577742 -0.371854
0.762152 0.558468 -0.350082
0.784436 0.55471 -0.332832
0.783859 0.557781 -0.347164
0.777998 0.568014 -0.358355
0.768546 0.580937 -0.376947
0.789367 0.598505 -0.389611
0.79231 0.607525 -0.399046
0.787045 0.597095 -0.376192
0.784971 0.586174 -0.376411
0.773533 0.594837 -0.376302
0.77019 0.603351 -0.385174
0.761191 0.622521 -0.389046
0.778634 0.622721 -0.40202
0.788706 0.627823 -0.419223
0.790896 0.620731 -0.395325
0.799415 0.635708 -0.38891
0.794051 0.640847 -0.393594
0.802634 0.630123 -0.370359
0.785743 0.64618 -0.38328
0.784612 0.638509 -0.362432
0.774094 0.642609 -0.383395
0.791754 0.637379 -0.424758
0.792218 0.641079 -0.398319
0.800832 0.619849 -0.414612
0.798632 0.6139 -0.395287
0.809849 0.632573 -0.418445
0.813433 0.639255 -0.382444
0.814368 0.645095 -0.398905
0.813798 0.635395 -0.373426
0.815544 0.637225 -0.368089
0.812151 0.631324 -0.400244
0.80842 0.628975 -0.373057
0.812281 0.644217 -0.396224
0.789149 0.639509 -0.402091
0.789567 0.632324 -0.393377
0.780878 0.64652 -0.375458
0.776271 0.637269 -0.361204
0.771516 0.62831 -0.398729
0.772998 0.633599 -0.417382
0.756768 0.632488 -0.378575
0.751471 0.622714 -0.403629
0.769306 0.634019 -0.387213
0.78665 0.636296 -0.406304
0.782354 0.645516 -0.413643
0.792316 0.653129 -0.384188
0.793169 0.6682 -0.350109
0.772678 0.659658 -0.399667
0.765269 0.657552 -0.3678
0.747241 0.638802 -0.372291
0.758738 0.638896 -0.350916
0.741659 0.651769 -0.35997
0.729995 0.647276 -0.381903
0.728014 0.641622 -0.373976
0.732583 0.631134 -0.39517
0.723955 0.62811 -0.365602
0.733037 0.634342 -0.381081
0.742395 0.625772 -0.387732
0.738418 0.610857 -0.379559
0.734231 0.602445 -0.379377
0.743267 0.594391 -0.391729
0.732533 0.59889 -0.391556
0.73512 0.605931 -0.367084
0.741911 0.59411 -0.360502
0.741638 0.603363 -0.395314
0.74796 0.602446 -0.379008
0.745764 0.598408 -0.386188
0.756353 0.602595 -0.387867
0.765269 0.606352 -0.394389
0.777401 0.614155 -0.371624
0.76615 0.60115 -0.385582
0.789351 0.609728 -0.39154
0.795903 0.606577 -0.378063
0.801842 0.592973 -0.381025
0.794146 0.593112 -0.386933
0.799588 0.59447 -0.365341
0.794479 0.594517 -0.389956
0.805572 0.597564 -0.385563
0.814739 0.594913 -0.39474
0.815236 0.580401 -0.349648
0.840811 0.58146 -0.345529
0.852305 0.571035 -0.312207
0.84589 0.592777 -0.333399
0.83501 0.607696 -0.372541
0.83649 0.619782 -0.360941
0.832155 0.623171 -0.386238
0.829387 0.643252 -0.405049
0.841631 0.659565 -0.351557
0.857621 0.650099 -0.378326
0.834574 0.651067 -0.395304
0.848195 0.646687 -0.373722
0.856087 0.656899 -0.398503
0.842135 0.667591 -0.39493
0.847115 0.683299 -0.360144
0.851492 0.716412 -0.309621
0.871803 0.713097 -0.315076
0.868027 0.716849 -0.350798
0.865225 0.715597 -0.285965
0.855225 0.680399 -0.314653
0.841075 0.663563 -0.39782
0.840955 0.672602 -0.375143
0.843253 0.670127 -0.374558
0.860876 0.691937 -0.343048
0.857843 0.684959 -0.354853
0.852856 0.675046 -0.363827
0.847875 0.672106 -0.375733
0.853749 0.671352 -0.363691
0.879385 0.671051 -0.347563
0.880099 0.669375 -0.327994
0.87882 0.651451 -0.333133
0.876938 0.628569 -0.370734
0.890943 0.630783 -0.328928
0.890384 0.653401 -0.28379
0.89463 0.645007 -0.303247
0.893287 0.660546 -0.306783
0.878623 0.671502 -0.379265
0.865428 0.663892 -0.365015
0.858725 0.649362 -0.342905
0.85942 0.646599 -0.383628
0.840565 0.649192 -0.362605
0.836265 0.657607 -0.390961
0.836635 0.651652 -0.369816
0.823503 0.655079 -0.384625
0.81888 0.644937 -0.410188
0.802741 0.640639 -0.400411
0.798265 0.629285 -0.38736
0.812187 0.624519 -0.397686
0.807236 0.625822 -0.371508
0.785877 0.643945 -0.394185
0.777298 0.640623 -0.386859
0.785632 0.630871 -0.404191
0.78759 0.642658 -0.38805
0.798203 0.669813 -0.39374
0.796335 0.671986 -0.390342
0.786925 0.675679 -0.34275
0.792044 0.69317 -0.366467
0.794527 0.691148 -0.368897
0.792676 0.679985 -0.393446
0.793874 0.665826 -0.376578
0.801011 0.657633 -0.380287
0.79428 0.653568 -0.409845
0.794087 0.663184 -0.398882
0.792047 0.660733 -0.391171
0.788989 0.641614 -0.376603
0.785983 0.65387 -0.389088
0.792476 0.632875 -0.391661
0.787731 0.637118 -0.403673
0.78564 0.626451 -0.390757
0.787713 0.649389 -0.401744
0.810834 0.644069 -0.379965
0.815947 0.641244 -0.386218
0.816131 0.639253 -0.401778
0.828314 0.637252 -0.386365
0.830899 0.625245 -0.407688
0.846474 0.615387 -0.36911
0.836211 0.597025 -0.341835
0.836704 0.608614 -0.381973
0.818275 0.616576 -0.382297
0.819304 0.607695 -0.406777
0.801955 0.614654 -0.364067
0.794145 0.615345 -0.390555
0.792834 0.614825 -0.416542
0.786249 0.613133 -0.384564
0.78817 0.616823 -0.391154
0.784936 0.608342 -0.382601
0.788294 0.61075 -0.392596
0.776871 0.612284 -0.384991
0.765166 0.614207 -0.386799
0.772368 0.604847 -0.38886
0.772626 0.600782 -0.38213
0.778672 0.61133 -0.396441
0.779472 0.614908 -0.39279
0.790067 0.610708 -0.3864
0.7805 0.609416 -0.380084
0.77481 0.59788 -0.39286
0.796293 0.604076 -0.403686
0.802025 0.589233 -0.366368
0.797002 0.597055 -0.388585
0.793093 0.584608 -0.375111
0.785899 0.594212 -0.394212
0.769054 0.593961 -0.373258
0.760694 0.597801 -0.383097
0.771476 0.587391 -0.369236
0.760653 0.582176 -0.373628
0.754484 0.583869 -0.371723
0.75434 0.568517 -0.32931
0.761565 0.583531 -0.356048
0.763875 0.574143 -0.355126
0.762592 0.603523 -0.397925
0.773265 0.600131 -0.395631
0.761716 0.606172 -0.380897
0.77237 0.61138 -0.398247
0.764168 0.605574 -0.39859
0.747191 0.612076 -0.375404
0.7445 0.610416 -0.376215
0.760629 0.62496 -0.396548
0.752132 0.628086 -0.363254
0.768148 0.628802 -0.396379
0.757415 0.621748 -0.3935
0.732894 0.610929 -0.378876
0.738842 0.605201 -0.383499
0.741635 0.621879 -0.377567
0.737837 0.618923 -0.378879
0.742108 0.61088 -0.386321
0.773883 0.610423 -0.397979
0.767114 0.629188 -0.40174
0.761404 0.623187 -0.417334
0.763089 0.625501 -0.373249
0.764506 0.633719 -0.37901
0.751788 0.637896 -0.393119
0.767257 0.646259 -0.366895
0.763786 0.63745 -0.363302
0.775674 0.645268 -0.363868
0.770098 0.635616 -0.374556
0.764889 0.642564 -0.402093
0.770187 0.660592 -0.383757
0.750023 0.659485 -0.378828
0.740639 0.623746 -0.364803
0.755409 0.628777 -0.375234
0.768499 0.629461 -0.385361
0.772795 0.627772 -0.386708
0.772871 0.637686 -0.397717
0.781623 0.647688 -0.4021
0.769551 0.648173 -0.388654
0.772709 0.642582 -0.384089
0.759258 0.652552 -0.390966
0.75143 0.640413 -0.402143
0.753381 0.651665 -0.379377
0.73629 0.672074 -0.371856
0.738077 0.646596 -0.359327
0.73856 0.619181 -0.390181
0.717534 0.60574 -0.357742
0.725114 0.602863 -0.379317
0.733738 0.589926 -0.370851
0.733299 0.590498 -0.377608
0.73236 0.61352 -0.39025
0.723622 0.575265 -0.370438
0.7107 0.561311 -0.330506
0.709627 0.570769 -0.351107
0.704716 0.565933 -0.333785
0.716003 0.552759 -0.343824
0.715579 0.550447 -0.339114
0.706473 0.550352 -0.309729
0.710334 0.576853 -0.338469
0.718977 0.611613 -0.380015
0.690852 0.62365 -0.366632
0.687707 0.620361 -0.336259
0.713935 0.611697 -0.356558
0.704938 0.581851 -0.350599
0.709965 0.567802 -0.334756
0.707805 0.579529 -0.34685
0.727548 0.547854 -0.315933
0.707919 0.553886 -0.318166
0.720141 0.587244 -0.387138
0.724103 0.577531 -0.365322
0.718262 0.577559 -0.351735
0.70423 0.569214 -0.341313
0.710745 0.570991 -0.35584
0.707664 0.568132 -0.351916
0.707626 0.552745 -0.325834
0.695828 0.540393 -0.295592
0.678903 0.54105 -0.27591
0.667047 0.548057 -0.283854
0.671023 0.565447 -0.294162
0.675048 0.558692 -0.316698
0.689575 0.548777 -0.315281
0.660776 0.530396 -0.25764
0.681462 0.519229 -0.249534
0.656372 0.512226 -0.217943
0.647742 0.521528 -0.237854
0.662737 0.514953 -0.197718
0.676445 0.52439 -0.257958
0.649983 0.52424 -0.232494
0.652925 0.513847 -0.209962
0.655254 0.491938 -0.170872
0.654926 0.49432 -0.164206
0.645051 0.504105 -0.201551
0.657053 0.514355 -0.232139
0.635816 0.504336 -0.196088
0.641035 0.50326 -0.184819
0.644418 0.517997 -0.219884
0.64959 0.543323 -0.265724
0.625987 0.536603 -0.232037
0.621795 0.529415 -0.216012
0.646278 0.546021 -0.268151
0.646937 0.53185 -0.25024
0.649316 0.531594 -0.235519
0.630177 0.534148 -0.243171
0.636601 0.525758 -0.241422
0.646816 0.5364 -0.273619
0.630872 0.525386 -0.231173
0.626429 0.533051 -0.225955
0.640702 0.544033 -0.256066
0.65042 0.53847 -0.262492
0.638793 0.547422 -0.274622
0.646266 0.52212 -0.223386
0.652456 0.528254 -0.254547
0.640256 0.525687 -0.2329
0.632034 0.531078 -0.242112
0.629107 0.54698 -0.254161
0.624789 0.566109 -0.275219
0.626626 0.56521 -0.249587
0.617764 0.552359 -0.239972
0.599028 0.51945 -0.174949
0.60148 0.520708 -0.168871
0.623435 0.51598 -0.210532
0.611856 0.510768 -0.161715
0.625485 0.505463 -0.204896
0.625804 0.499348 -0.175141
0.615327 0.50161 -0.17026
0.601496 0.493173 -0.146085
0.602112 0.499178 -0.149991
0.598389 0.516226 -0.169968
0.595562 0.531193 -0.185787
0.59925 0.526772 -0.198292
0.581687 0.524181 -0.161847
0.584591 0.527551 -0.145401
0.597123 0.538272 -0.193908
0.604602 0.512487 -0.183185
0.591198 0.518348 -0.164222
0.573064 0.517272 -0.137605
0.566115 0.518434 -0.133419
0.581131 0.509391 -0.151807
0.588187 0.489612 -0.122492
0.59648 0.505195 -0.160307
0.606256 0.508077 -0.16957
0.598306 0.496573 -0.144975
0.592621 0.4901 -0.110097
0.598499 0.49192 -0.131004
0.605037 0.478635 -0.0791286
0.599797 0.478322 -0.0947894
0.610353 0.477838 -0.0820382
0.589643 0.471455 -0.0474122
0.596743 0.467763 -0.0702606
0.597103 0.467901 -0.0872733
0.580692 0.476122 -0.0539626
0.58445 0.478422 -0.0581176
0.600382 0.49252 -0.126393
0.597862 0.48801 -0.111786
0.587261 0.495647 -0.129457
0.600105 0.481252 -0.129445
0.586998 0.459959 -0.0148333
0.583731 0.450747 0.0217866
0.583577 0.453791 0.00849947
0.586628 0.465917 -0.0817212
0.586098 0.478451 -0.097861
0.579129 0.49436 -0.114327
0.583041 0.499207 -0.131515
0.594725 0.499369 -0.14902
0.569515 0.50534 -0.104909
0.567799 0.507763 -0.0992437
0.574894 0.506763 -0.119597
0.582379 0.486422 -0.0810492
0.578743 0.477506 -0.0641096
0.557457 0.458348 -0.0105592
0.566095 0.452801 0.0197152
0.570845 0.446855 0.0245622
0.570729 0.456277 -7.46812e-05
0.543328 0.468577 0.0138153
0.555288 0.457168 -0.00189463
0.556725 0.454633 -0.00413883
0.542731 0.469148 0.0262827
0.537746 0.479863 -0.0311179
0.514754 0.481268 0.0222998
0.526399 0.480308 -0.00518476
0.535044 0.486653 -0.0186797
0.540752 0.505299 -0.0639109
0.557097 0.507752 -0.093479
0.574438 0.490492 -0.0945539
0.57043 0.477442 -0.0835463
0.564441 0.479687 -0.0747017
0.55988 0.481301 -0.0446529
0.561452 0.465901 0.00174511
0.572216 0.494259 -0.122154
0.576098 0.505708 -0.117423
0.588283 0.503049 -0.116904
0.583057 0.494563 -0.104703
0.578187 0.505865 -0.118602
0.571024 0.514478 -0.114671
0.556529 0.513872 -0.0986139
0.567896 0.498251 -0.094176
0.563838 0.518785 -0.128342
0.574788 0.494267 -0.115817
0.572707 0.490265 -0.100956
0.574013 0.491 -0.0946259
0.600359 0.485085 -0.126754
0.609271 0.488566 -0.15065
0.601894 0.477309 -0.0908166
0.589515 0.477897 -0.077483
0.593588 0.501904 -0.134329
0.589161 0.49343 -0.129771
0.59268 0.486215 -0.108207
0.564339 0.508427 -0.113167
0.568259 0.503572 -0.109854
0.567269 0.520165 -0.134857
0.567802 0.543788 -0.150111
0.587622 0.551946 -0.180891
0.571968 0.556129 -0.175269
0.588609 0.54928 -0.170623
0.601775 0.550287 -0.217542
0.618962 0.553445 -0.226129
0.59286 0.519972 -0.166923
0.600002 0.509572 -0.162456
0.590853 0.508486 -0.166651
0.602816 0.514782 -0.168621
0.599758 0.532014 -0.199908
0.593849 0.53827 -0.205519
0.598515 0.527012 -0.183495
0.610937 0.518474 -0.205492
0.630304 0.540156 -0.238436
0.626731 0.563766 -0.262969
0.622821 0.587483 -0.263121
0.602295 0.582231 -0.221126
0.609608 0.590449 -0.23016
0.599174 0.602661 -0.223507
0.600627 0.602579 -0.242255
0.584982 0.619095 -0.172146
0.576367 0.638469 -0.178658
0.586477 0.64101 -0.196389
0.585172 0.644618 -0.205835
0.587561 0.635351 -0.211149
0.596702 0.634916 -0.237386
0.591868 0.624381 -0.19324
0.57684 0.620799 -0.176155
0.580433 0.627299 -0.172766
0.59009 0.63466 -0.198762
0.592614 0.628085 -0.209727
0.595518 0.643358 -0.213248
0.578827 0.644411 -0.200035
0.560829 0.659773 -0.155717
0.56252 0.647523 -0.17274
0.552498 0.644219 -0.13483
0.558242 0.644334 -0.166688
0.553539 0.66158 -0.139396
0.567678 0.657756 -0.179996
0.558596 0.660948 -0.137584
0.560413 0.6554 -0.132196
0.581178 0.668429 -0.181655
0.594815 0.66844 -0.224136
0.568636 0.673682 -0.155314
0.573336 0.686408 -0.17699
0.567143 0.693628 -0.171213
0.563404 0.678143 -0.158317
0.572603 0.704086 -0.165136
0.554184 0.719014 -0.115333
0.552321 0.73417 -0.143817
0.543264 0.7564 -0.103039
0.522349 0.74045 -0.0794963
0.523356 0.720265 -0.0879109
0.514958 0.710905 -0.0742378
0.523917 0.708756 -0.0935302
0.508387 0.705383 -0.0563955
0.510085 0.72149 -0.0576341
0.52652 0.748187 -0.0940514
0.525002 0.768214 -0.123646
0.530381 0.761505 -0.127741
0.541405 0.755128 -0.116365
0.550983 0.748797 -0.155689
0.551383 0.743296 -0.130788
0.555328 0.73123 -0.120362
0.564634 0.719083 -0.143984
0.56799 0.692511 -0.151782
0.568486 0.690768 -0.155677
0.561992 0.695463 -0.156485
0.560731 0.694843 -0.125398
0.55251 0.708323 -0.155272
0.548071 0.699842 -0.121324
0.558675 0.71146 -0.158197
0.557 0.743841 -0.138862
0.555627 0.748273 -0.118121
0.528197 0.73366 -0.103276
0.533262 0.726355 -0.0877672
0.542195 0.732213 -0.127784
0.545053 0.736356 -0.14261
0.553614 0.714833 -0.13739
0.548251 0.714511 -0.168471
0.530046 0.685937 -0.0889756
0.537021 0.706389 -0.0918617
0.524383 0.712106 -0.0904704
0.535388 0.716159 -0.110857
0.544283 0.721049 -0.10812
0.525619 0.72412 -0.0841786
0.53736 0.750922 -0.100059
0.52705 0.76581 -0.0887412
0.518336 0.750905 -0.0734913
0.547147 0.756639 -0.118799
0.546551 0.763232 -0.145016
0.537885 0.75448 -0.113773
0.563505 0.751637 -0.152524
0.549418 0.759206 -0.133736
0.573633 0.77588 -0.154968
0.560607 0.791481 -0.151614
0.560942 0.781236 -0.11603
0.561453 0.78021 -0.13179
0.566729 0.788253 -0.150471
0.558305 0.769675 -0.140781
0.55683 0.761044 -0.149006
0.551647 0.726885 -0.158031
0.560172 0.716906 -0.143625
0.59019 0.715546 -0.16855
0.614164 0.714416 -0.212724
0.610158 0.73334 -0.224959
0.600482 0.730025 -0.201914
0.598091 0.755538 -0.185163
0.608975 0.735165 -0.240832
0.610715 0.74436 -0.237178
0.601376 0.739839 -0.204736
0.60399 0.732355 -0.187612
0.61017 0.714119 -0.202609
0.616934 0.706636 -0.244143
0.635624 0.706328 -0.270393
0.638821 0.697655 -0.270391
0.643209 0.682697 -0.280724
0.617574 0.692553 -0.247378
0.618449 0.694187 -0.255542
0.614834 0.689255 -0.238079
0.614236 0.707639 -0.212363
0.622158 0.697899 -0.229993
0.597178 0.682367 -0.226436
0.610752 0.68523 -0.228623
0.601551 0.688882 -0.199524
0.599676 0.676772 -0.209845
0.589181 0.671234 -0.219805
0.588563 0.685083 -0.204458
0.592965 0.66477 -0.200362
0.589497 0.637841 -0.20203
0.591365 0.648262 -0.20038
0.564116 0.650834 -0.142714
0.562324 0.634154 -0.151447
0.559158 0.638856 -0.153061
0.565799 0.644264 -0.156136
0.556527 0.64542 -0.140701
0.558699 0.648439 -0.124072
0.570566 0.676673 -0.194072
0.582592 0.67792 -0.188541
0.586181 0.70232 -0.215807
0.587442 0.691195 -0.177456
0.5893 0.703792 -0.219081
0.583607 0.715201 -0.189644
0.597754 0.729883 -0.197718
0.592482 0.744045 -0.190804
0.560684 0.753855 -0.166761
0.562176 0.742366 -0.160494
0.574052 0.725613 -0.160325
0.569023 0.730643 -0.174442
0.578669 0.747819 -0.155172
0.58078 0.741712 -0.179927
0.589192 0.750599 -0.206086
0.606833 0.734887 -0.201036
0.575543 0.737516 -0.18884
0.57102 0.744063 -0.164363
0.551614 0.733039 -0.126725
0.556639 0.73497 -0.162371
0.572374 0.737111 -0.164624
0.56599 0.73256 -0.14839
0.560017 0.740361 -0.169141
0.558374 0.718768 -0.148193
0.533939 0.72049 -0.112294
0.534245 0.73813 -0.109219
0.524332 0.722885 -0.0827416
0.504966 0.732744 -0.0776402
0.496109 0.744543 -0.0758051
0.486513 0.746827 -0.00295466
0.483209 0.757428 -0.0418166
0.492344 0.745128 -0.0622026
0.483847 0.742728 -0.0432203
0.481243 0.726953 -0.0184364
0.495101 0.720603 -0.0137961
0.502276 0.71587 -0.0495275
0.496257 0.735941 -0.0242714
0.488957 0.735373 -0.0268435
0.485151 0.740704 -0.0385708
0.464866 0.746705 -0.0346963
0.476405 0.74218 -0.0166485
0.477855 0.754081 -0.0427903
0.502749 0.752726 -0.0645198
0.507033 0.737852 -0.0691872
0.492098 0.735012 -0.0380033
0.492744 0.743551 -0.0320805
0.494775 0.729523 -0.0520813
0.482461 0.74164 -0.0398673
0.493176 0.758816 -0.067096
0.498034 0.749981 -0.0505752
0.516554 0.727121 -0.0780202
0.526146 0.729757 -0.093553
0.540015 0.731198 -0.133446
0.553945 0.733283 -0.157774
0.568169 0.74142 -0.158542
0.586871 0.725331 -0.180911
0.612819 0.725013 -0.217939
0.619393 0.749534 -0.236288
0.642035 0.751013 -0.220938
0.625118 0.747232 -0.20177
0.627312 0.732614 -0.246368
0.623097 0.713741 -0.203782
0.616371 0.716416 -0.207045
0.629384 0.718489 -0.241031
0.603154 0.711923 -0.205206
0.598231 0.710615 -0.184207
0.59982 0.70299 -0.200942
0.606002 0.704388 -0.199579
0.621311 0.691313 -0.251283
0.612401 0.701691 -0.195107
0.616798 0.682966 -0.215256
0.604063 0.663431 -0.234364
0.587133 0.649 -0.203848
0.610839 0.645969 -0.252709
0.588013 0.627165 -0.205866
0.576208 0.63229 -0.172631
0.580516 0.651743 -0.207468
0.576202 0.641291 -0.185736
0.558178 0.628381 -0.144715
0.553574 0.630587 -0.134691
0.577203 0.643923 -0.164586
0.574344 0.633858 -0.16163
0.583295 0.643948 -0.19686
0.588807 0.638499 -0.20227
0.574646 0.635557 -0.184224
0.572772 0.622735 -0.167094
0.571449 0.626791 -0.15697
0.576936 0.620342 -0.182422
0.582868 0.616691 -0.212578
0.603116 0.6151 -0.22987
0.577182 0.620075 -0.185154
0.56426 0.61993 -0.166818
0.56811 0.622554 -0.137431
0.580899 0.612402 -0.172994
0.588342 0.620795 -0.19838
0.595748 0.603549 -0.212977
0.598263 0.610606 -0.228587
0.612675 0.605629 -0.230748
0.63454 0.624147 -0.292519
0.634801 0.624457 -0.279777
0.658176 0.609179 -0.3174
0.652378 0.610228 -0.296216
0.652055 0.619783 -0.3029
0.647695 0.601915 -0.299073
0.667529 0.600881 -0.319587
0.660001 0.587739 -0.331383
0.653631 0.579847 -0.291621
0.658441 0.589079 -0.310877
0.657519 0.58071 -0.311131
0.651496 0.595955 -0.302736
0.668105 0.597459 -0.328459
0.670506 0.601105 -0.318718
0.680615 0.599422 -0.336537
0.703358 0.6034 -0.34972
0.724347 0.590067 -0.364623
0.718854 0.592957 -0.377221
0.714797 0.590755 -0.35548
0.710976 0.608501 -0.355576
0.701716 0.609662 -0.358132
0.715342 0.599996 -0.361198
0.729991 0.585575 -0.379783
0.711477 0.577541 -0.343395
0.7521 0.596557 -0.389597
0.757388 0.59135 -0.355442
0.759869 0.589122 -0.361677
0.769064 0.585141 -0.386217
0.760746 0.595832 -0.371082
0.751772 0.60721 -0.381876
0.771473 0.595804 -0.367042
0.740817 0.612269 -0.380425
0.754805 0.613806 -0.368736
0.754461 0.617552 -0.396
0.773242 0.608275 -0.397405
0.791371 0.603181 -0.379894
0.790454 0.601423 -0.365174
0.79884 0.597222 -0.373872
0.800507 0.629217 -0.389881
0.821065 0.624634 -0.392957
0.803035 0.636298 -0.414
0.806639 0.654464 -0.380981
0.799229 0.655203 -0.41367
0.816713 0.661674 -0.377782
0.800043 0.671075 -0.386135
0.820884 0.681798 -0.403759
0.812699 0.671082 -0.372849
0.811545 0.670059 -0.393418
0.802975 0.695578 -0.383547
0.782707 0.714492 -0.369206
0.772497 0.701677 -0.357263
0.757398 0.699668 -0.359696
0.755436 0.687874 -0.355374
0.769274 0.694016 -0.354604
0.768854 0.685423 -0.401825
0.775755 0.673252 -0.392777
0.781902 0.656971 -0.374537
0.785514 0.668398 -0.403728
0.795087 0.668695 -0.380181
0.800061 0.662022 -0.378992
0.813937 0.661978 -0.407268
0.818178 0.664891 -0.369562
0.800071 0.665791 -0.369248
0.791169 0.669544 -0.374321
0.807397 0.658142 -0.385588
0.818544 0.660175 -0.36499
0.810642 0.667071 -0.388763
0.810705 0.665161 -0.376938
0.814821 0.663945 -0.394421
0.822367 0.670999 -0.385999
0.816103 0.664374 -0.362339
0.812734 0.637008 -0.382074
0.7972 0.639925 -0.389784
0.79224 0.636531 -0.395499
0.801745 0.62708 -0.412118
0.809014 0.637682 -0.366847
0.792198 0.631849 -0.401368
0.778088 0.630555 -0.39941
0.784283 0.625063 -0.387066
0.804231 0.627345 -0.393067
0.816299 0.631628 -0.393717
0.800048 0.638637 -0.386032
0.78818 0.652319 -0.399893
0.780298 0.662822 -0.377679
0.799413 0.665526 -0.399864
0.8032 0.672616 -0.376038
0.804202 0.674129 -0.410789
0.810252 0.687974 -0.370046
0.805038 0.697679 -0.373194
0.808648 0.705166 -0.360876
0.817813 0.715567 -0.252012
0.813452 0.716719 -0.357487
0.800027 0.716299 -0.377311
0.790916 0.715639 -0.33866
0.810806 0.731706 -0.322798
0.804472 0.726085 -0.356789
0.784522 0.725386 -0.354849
0.774686 0.732243 -0.298758
0.778443 0.71466 -0.334563
0.782982 0.726165 -0.327229
0.780956 0.703651 -0.359464
0.783828 0.716719 -0.328083
0.771879 0.726099 -0.287648
0.777562 0.719699 -0.342328
0.768504 0.715939 -0.34983
0.75164 0.712661 -0.350433
0.750356 0.709489 -0.367128
0.736161 0.707407 -0.356836
0.754096 0.714774 -0.351859
0.751176 0.703801 -0.38317
0.742791 0.701008 -0.359693
0.729638 0.687521 -0.370378
0.734502 0.703893 -0.361196
0.728338 0.705479 -0.353694
0.71076 0.694366 -0.332585
0.70228 0.708627 -0.306666
0.707431 0.688825 -0.339301
0.708378 0.667718 -0.376855
0.715204 0.669401 -0.361498
0.711473 0.670649 -0.358681
0.710227 0.690226 -0.326569
0.706128 0.669146 -0.343698
0.696136 0.672281 -0.347796
0.706277 0.689621 -0.295476
0.717165 0.676432 -0.369313
0.712256 0.666601 -0.359937
0.693443 0.648789 -0.353159
0.705421 0.652744 -0.360567
0.697021 0.657028 -0.339516
0.683888 0.649133 -0.307695
0.692603 0.652352 -0.331947
0.666501 0.639372 -0.325797
0.656302 0.631623 -0.329392
0.668751 0.622581 -0.319054
0.65751 0.607148 -0.31407
0.673843 0.620644 -0.331623
0.668246 0.60339 -0.335813
0.661901 0.59619 -0.32396
0.661821 0.60821 -0.316494
0.645988 0.593169 -0.286819
0.653991 0.59421 -0.316622
0.660405 0.578753 -0.303604
0.673996 0.605251 -0.321925
0.68427 0.605917 -0.34252
0.682983 0.611622 -0.329768
0.681218 0.629508 -0.343423
0.676854 0.644057 -0.324412
0.671614 0.63598 -0.322394
0.661902 0.642521 -0.315402
0.657418 0.632893 -0.309199
0.67077 0.623868 -0.341497
0.67646 0.609653 -0.33858
0.674402 0.582922 -0.31606
0.674857 0.581644 -0.334532
0.67107 0.585046 -0.31664
0.68251 0.560297 -0.319585
0.699416 0.55462 -0.29556
0.70883 0.538385 -0.300178
0.713692 0.553703 -0.307005
0.72326 0.567224 -0.342255
0.724495 0.55673 -0.320632
0.727344 0.558487 -0.334837
0.753419 0.590079 -0.37592
0.762351 0.601526 -0.392308
0.753994 0.615573 -0.375674
0.755736 0.621017 -0.380868
0.762054 0.618667 -0.386508
0.752794 0.623716 -0.387954
0.742813 0.605292 -0.380354
0.731619 0.599258 -0.384762
0.7208 0.589865 -0.359367
0.719524 0.579109 -0.349664
0.724339 0.60326 -0.381173
0.710952 0.598741 -0.366303
0.712721 0.600712 -0.34809
0.706391 0.607621 -0.358082
0.676551 0.602207 -0.330857
0.669632 0.604872 -0.318905
0.678797 0.580152 -0.326267
0.683377 0.576905 -0.328513
0.709954 0.563296 -0.330835
0.712568 0.565213 -0.327144
0.689608 0.557036 -0.314098
0.708487 0.552606 -0.32918
0.709356 0.5561 -0.339739
0.720498 0.556544 -0.322128
0.723339 0.564373 -0.347093
0.747145 0.575669 -0.353402
0.763676 0.571082 -0.33687
0.744295 0.581188 -0.336708
0.736653 0.572821 -0.334501
0.742272 0.573229 -0.354162
0.746007 0.580782 -0.368336
0.756794 0.573974 -0.360678
0.758893 0.585634 -0.37464
0.759947 0.598111 -0.402776
0.765733 0.604761 -0.380764
0.75993 0.595148 -0.370257
0.753636 0.590128 -0.376615
0.746402 0.604139 -0.380472
0.765501 0.601932 -0.379616
0.77727 0.601899 -0.398112
0.793213 0.604579 -0.401995
0.802627 0.607454 -0.392598
0.804565 0.604671 -0.374098
0.804029 0.611661 -0.379142
0.797591 0.610157 -0.386218
0.795427 0.618678 -0.379522
0.818546 0.622752 -0.386294
0.825274 0.624741 -0.386425
0.803237 0.61145 -0.386807
0.797923 0.609968 -0.397594
0.811824 0.604181 -0.362289
0.806473 0.619055 -0.404891
0.813358 0.620378 -0.378884
0.795839 0.600338 -0.39545
0.812506 0.602549 -0.391771
0.818123 0.609433 -0.379546
0.801169 0.61967 -0.395251
0.802377 0.618028 -0.388558
0.823395 0.640162 -0.404262
0.828533 0.636492 -0.403564
0.845252 0.65361 -0.370734
0.823566 0.650313 -0.389669
0.815823 0.652371 -0.363655
0.799509 0.642438 -0.406067
0.801558 0.644307 -0.356158
0.809547 0.637257 -0.390093
0.826789 0.636758 -0.380365
0.827031 0.64973 -0.398727
0.827745 0.66383 -0.40038
0.841731 0.669017 -0.370094
0.840727 0.684281 -0.383827
0.840803 0.671468 -0.372501
0.833983 0.661541 -0.359013
0.831723 0.668112 -0.413214
0.831524 0.679754 -0.369963
0.807246 0.689697 -0.360727
0.805481 0.694731 -0.359729
0.786439 0.686393 -0.383198
0.801347 0.690122 -0.347251
0.80547 0.689357 -0.35457
0.796363 0.701926 -0.353268
0.78088 0.672274 -0.402017
0.788905 0.678327 -0.370856
0.796314 0.680806 -0.39783
0.79932 0.672855 -0.382781
0.795465 0.676828 -0.368481
0.793942 0.673102 -0.379806
0.80032 0.685646 -0.362452
0.776436 0.66331 -0.385631
0.790079 0.668353 -0.390404
0.769024 0.656334 -0.384161
0.781217 0.660541 -0.378134
0.773932 0.671182 -0.36717
0.768604 0.669392 -0.385711
0.763256 0.681676 -0.388148
0.762238 0.67411 -0.352882
0.764 0.658106 -0.403845
0.773205 0.660104 -0.399759
0.788184 0.642173 -0.395168
0.794808 0.656181 -0.420742
0.784576 0.654213 -0.369295
0.769999 0.637286 -0.374524
0.781111 0.625835 -0.397394
0.773039 0.624995 -0.39276
0.777678 0.616715 -0.39418
0.77417 0.60171 -0.364589
0.779506 0.623681 -0.383225
0.808308 0.622905 -0.410173
0.805846 0.613527 -0.404434
0.782707 0.632138 -0.394781
0.784719 0.625683 -0.398719
0.781123 0.632201 -0.378391
0.79158 0.63851 -0.394634
0.788715 0.650466 -0.398182
0.791361 0.648552 -0.387665
0.775606 0.642404 -0.393934
0.781944 0.63621 -0.395509
0.789276 0.641762 -0.41169
0.802482 0.651873 -0.379088
0.80715 0.656636 -0.36875
0.803877 0.657452 -0.372491
0.797846 0.652565 -0.395853
0.780918 0.640104 -0.397978
0.791375 0.642874 -0.371592
0.797385 0.639475 -0.404435
0.801728 0.653773 -0.410383
0.77011 0.660046 -0.40836
0.752344 0.67199 -0.402548
0.759409 0.681887 -0.363679
0.741504 0.693732 -0.348465
0.749239 0.697809 -0.379345
0.73349 0.695936 -0.351476
0.735985 0.693859 -0.377147
0.742654 0.70495 -0.350514
0.730252 0.691831 -0.317125
0.748286 0.684043 -0.375739
0.739298 0.670215 -0.381136
0.730001 0.675162 -0.356053
0.697442 0.67577 -0.315701
0.686705 0.666037 -0.348784
0.705294 0.676108 -0.329099
0.706171 0.669839 -0.348826
0.719015 0.646138 -0.369181
0.746422 0.632504 -0.391118
0.763371 0.637477 -0.378736
0.761697 0.627737 -0.361398
0.766037 0.637836 -0.404693
0.767599 0.65307 -0.400534
0.774433 0.66523 -0.384303
0.763251 0.678937 -0.399504
0.787318 0.677989 -0.385078
0.777388 0.682584 -0.398243
0.774112 0.693101 -0.379521
0.757211 0.69509 -0.361413
0.741618 0.685061 -0.37047
0.738135 0.692298 -0.382381
0.726467 0.712005 -0.259771
0.730485 0.698959 -0.350561
0.71745 0.703377 -0.316209
0.723428 0.708854 -0.342151
0.736805 0.694997 -0.379626
0.743768 0.698398 -0.347983
0.726663 0.701222 -0.365297
0.736326 0.696364 -0.363894
0.713411 0.713839 -0.337731
0.732132 0.708082 -0.334873
0.71998 0.702541 -0.317613
0.718114 0.702348 -0.348723
0.705257 0.705893 -0.327707
0.705922 0.699854 -0.348617
0.6993 0.711527 -0.34174
0.696496 0.716094 -0.333952
0.693892 0.7124 -0.317333
0.696266 0.716201 -0.319616
0.711739 0.728475 -0.307204
0.721518 0.734339 -0.330495
0.720083 0.739178 -0.327785
0.714907 0.729812 -0.333902
0.717063 0.726869 -0.318258
0.715979 0.720984 -0.2932
0.718874 0.728737 -0.313194
0.733724 0.742537 -0.290965
0.722775 0.75704 -0.26092
0.722131 0.757315 -0.305434
0.715631 0.760741 -0.249335
0.678482 0.75394 -0.262177
0.679921 0.759702 -0.259382
0.66564 0.759294 -0.225118
0.666562 0.751932 -0.246093
0.669945 0.727184 -0.263757
0.66852 0.708913 -0.277395
0.661258 0.686588 -0.298934
0.637881 0.686952 -0.265402
0.638431 0.679039 -0.259904
0.632257 0.677632 -0.239258
0.618568 0.701495 -0.21766
0.624345 0.680596 -0.267806
0.621466 0.679971 -0.253809
0.634688 0.684146 -0.249223
0.616864 0.682064 -0.244442
0.64723 0.682242 -0.277935
0.640018 0.669972 -0.246188
0.629781 0.672906 -0.266141
0.62916 0.673987 -0.265175
0.62222 0.650627 -0.263874
0.630283 0.645186 -0.261006
0.626229 0.652526 -0.265892
0.635657 0.633961 -0.278424
0.64168 0.637498 -0.286159
0.660378 0.639113 -0.326074
0.667748 0.637959 -0.327632
0.656821 0.615797 -0.309388
0.662054 0.625522 -0.315637
0.67024 0.627724 -0.335874
0.674866 0.611458 -0.324933
0.689639 0.609574 -0.340985
0.696565 0.611947 -0.375865
0.695431 0.604394 -0.349189
0.687704 0.622724 -0.343963
0.688906 0.626486 -0.329465
0.700582 0.618152 -0.342536
0.709744 0.619985 -0.362473
0.698448 0.608609 -0.351895
0.692572 0.596905 -0.324788
0.700918 0.594834 -0.360846
0.728167 0.5961 -0.372135
0.730843 0.615698 -0.389624
0.735358 0.631301 -0.395283
0.744196 0.625198 -0.404191
0.749973 0.635078 -0.378897
0.731873 0.63959 -0.386896
0.735641 0.640744 -0.395179
0.743535 0.647925 -0.392454
0.731961 0.619612 -0.385876
0.747973 0.605418 -0.398054
0.738942 0.618071 -0.372096
0.745647 0.614359 -0.372256
0.743292 0.60767 -0.383417
0.759498 0.6186 -0.389304
0.754912 0.611901 -0.392479
0.767794 0.602879 -0.374945
0.766461 0.611253 -0.372611
0.770579 0.611645 -0.387187
0.781577 0.610796 -0.393843
0.764233 0.608734 -0.388552
0.756084 0.600913 -0.375383
0.766835 0.610068 -0.395861
0.780106 0.615637 -0.390856
0.772595 0.613192 -0.39429
0.759054 0.619922 -0.391103
0.741101 0.622308 -0.390994
0.743003 0.627429 -0.389833
0.758139 0.642022 -0.396414
0.737308 0.652042 -0.38924
0.750296 0.644922 -0.398
0.753412 0.646406 -0.379336
0.766303 0.638564 -0.350533
0.761191 0.635902 -0.35484
0.73545 0.631912 -0.378111
0.726556 0.613212 -0.368585
0.735119 0.612955 -0.373307
0.74304 0.626859 -0.34807
0.746052 0.612274 -0.364795
0.752058 0.608345 -0.37667
0.760521 0.615501 -0.405023
0.765768 0.617054 -0.382622
0.769506 0.604166 -0.380409
0.757266 0.606568 -0.37891
0.762682 0.597839 -0.391604
0.752306 0.60116 -0.394814
0.744239 0.61201 -0.375344
0.744605 0.623141 -0.384171
0.749792 0.608927 -0.385012
0.759347 0.595693 -0.374386
0.760339 0.604135 -0.382138
0.768262 0.599141 -0.364405
0.761129 0.596322 -0.38349
0.763264 0.578512 -0.355212
0.771342 0.573315 -0.354138
0.771955 0.580111 -0.351108
0.757855 0.593313 -0.380124
0.760328 0.605584 -0.382325
0.769113 0.603324 -0.389428
0.787536 0.615939 -0.372776
0.782303 0.597039 -0.384323
0.779468 0.58354 -0.364489
0.779123 0.590134 -0.37291
0.766523 0.590939 -0.367532
0.777169 0.594846 -0.374639
0.770466 0.603659 -0.389662
0.759372 0.595204 -0.383503
0.772432 0.614952 -0.39131
0.774594 0.626286 -0.390292
0.793285 0.628186 -0.392537
0.791299 0.638491 -0.411482
0.79386 0.637778 -0.401088
0.778283 0.627828 -0.371473
0.796449 0.63041 -0.414084
0.779125 0.618512 -0.407321
0.78299 0.610382 -0.407209
0.76592 0.618155 -0.391487
0.743813 0.611556 -0.372177
0.744229 0.617963 -0.404683
0.739266 0.632259 -0.366194
0.729096 0.637111 -0.369005
0.713034 0.644895 -0.363519
0.719529 0.646049 -0.368828
0.725987 0.638235 -0.371485
0.724649 0.635019 -0.375742
0.726655 0.620862 -0.392178
0.73523 0.629117 -0.383656
0.750698 0.628637 -0.381223
0.734785 0.63069 -0.388291
0.723445 0.625363 -0.381017
0.739402 0.633557 -0.394524
0.737224 0.618492 -0.375616
0.737523 0.623138 -0.392341
0.752486 0.631546 -0.380502
0.768596 0.636766 -0.360354
0.765416 0.629585 -0.409216
0.782894 0.642204 -0.393438
0.781878 0.626648 -0.377361
0.796144 0.634217 -0.406644
0.795262 0.628235 -0.393332
0.781547 0.638691 -0.380823
0.76112 0.634535 -0.402309
0.744019 0.637175 -0.396688
0.727708 0.629768 -0.36785
0.720661 0.647409 -0.383617
0.732931 0.656372 -0.360209
0.729588 0.659301 -0.355519
0.724825 0.662911 -0.329346
0.718404 0.669727 -0.366238
0.725658 0.670534 -0.369381
0.726196 0.681449 -0.368677
0.733972 0.692354 -0.368263
0.726758 0.705765 -0.371485
0.730769 0.708566 -0.349284
0.738433 0.701426 -0.351786
0.733856 0.677037 -0.335889
0.739768 0.678376 -0.384225
0.738613 0.688249 -0.38547
0.74056 0.68485 -0.375765
0.744646 0.684325 -0.34878
0.754486 0.699083 -0.354087
0.75856 0.705218 -0.346111
0.761225 0.697192 -0.343751
0.758486 0.684898 -0.357087
0.764945 0.696225 -0.371402
0.760973 0.706466 -0.335882
0.768498 0.694131 -0.398202
0.767857 0.690903 -0.384917
0.755071 0.684199 -0.387663
0.748756 0.687771 -0.370499
0.726594 0.670364 -0.368571
0.730404 0.67811 -0.347337
0.723615 0.675654 -0.370044
0.722912 0.678756 -0.345252
0.716066 0.685179 -0.373876
0.696427 0.682719 -0.31485
0.705018 0.684887 -0.347541
0.700829 0.686593 -0.342256
0.703054 0.689217 -0.350614
0.701548 0.687919 -0.344685
0.704135 0.681419 -0.318548
0.717556 0.694858 -0.308708
0.713364 0.679081 -0.353376
0.72208 0.68191 -0.367467
0.721563 0.673143 -0.346546
0.714108 0.686392 -0.352921
0.729799 0.686103 -0.375147
0.735077 0.694329 -0.338051
0.736034 0.690373 -0.363533
0.726176 0.69824 -0.33599
0.730637 0.701481 -0.362566
0.717201 0.705591 -0.321688
0.717229 0.709764 -0.33442
0.719054 0.7159 -0.317723
0.707751 0.709455 -0.327534
0.717588 0.712355 -0.351233
0.721455 0.724967 -0.330204
0.711745 0.720023 -0.348
0.69412 0.724322 -0.320822
0.698051 0.735509 -0.336427
0.693688 0.736014 -0.289167
0.705371 0.739493 -0.320737
0.713942 0.741292 -0.285816
0.706916 0.751951 -0.291794
0.704462 0.751957 -0.286108
0.694093 0.728658 -0.317277
0.678122 0.728154 -0.299254
0.685294 0.714638 -0.305778
0.688305 0.716699 -0.336815
0.694519 0.718786 -0.310143
0.692799 0.703245 -0.30398
0.698822 0.682053 -0.340647
0.698917 0.659844 -0.354205
0.70146 0.666281 -0.367015
0.688804 0.660524 -0.34321
0.695313 0.6626 -0.348696
0.688094 0.675943 -0.324535
0.680695 0.665474 -0.326717
0.662522 0.689553 -0.297459
0.665805 0.700748 -0.309374
0.682708 0.716132 -0.297416
0.68638 0.702341 -0.319695
0.688825 0.672552 -0.349797
0.67891 0.666433 -0.316327
0.692906 0.662524 -0.359026
0.711914 0.650731 -0.354894
0.736094 0.661931 -0.36939
0.755596 0.669263 -0.390018
0.76846 0.663375 -0.363494
0.762269 0.66228 -0.377038
0.78646 0.651747 -0.384439
0.781271 0.642358 -0.385835
0.80035 0.642809 -0.404878
0.791486 0.659126 -0.411066
0.798392 0.650276 -0.410403
0.791965 0.640589 -0.414973
0.792226 0.65484 -0.393461
0.786701 0.65321 -0.422982
0.794719 0.666093 -0.379799
0.788185 0.66622 -0.393921
0.799217 0.653527 -0.381083
0.814046 0.681883 -0.327475
0.815195 0.705545 -0.3386
0.810764 0.71379 -0.379524
0.795317 0.71738 -0.341082
0.776433 0.725431 -0.343195
0.755114 0.724083 -0.342307
0.744671 0.718507 -0.381344
0.7199 0.724205 -0.313181
0.705341 0.716755 -0.327004
0.675742 0.742557 -0.238949
0.682126 0.743527 -0.273483
0.714603 0.751829 -0.285392
0.726024 0.771476 -0.29804
0.716195 0.744019 -0.3023
0.735181 0.747223 -0.306431
0.730154 0.734333 -0.281996
0.720332 0.754227 -0.288992
0.721859 0.766512 -0.284146
0.715329 0.759375 -0.243613
0.707675 0.735852 -0.329358
0.705139 0.714274 -0.324055
0.709094 0.723939 -0.341532
0.705044 0.739271 -0.295251
0.714734 0.739534 -0.314585
0.718789 0.736856 -0.314418
0.724975 0.737418 -0.307322
0.723725 0.737419 -0.278632
0.732453 0.734061 -0.359561
0.734441 0.736543 -0.334051
0.718359 0.739021 -0.326746
0.715452 0.735235 -0.320916
0.706705 0.742239 -0.288413
0.688134 0.707936 -0.345644
0.681355 0.719742 -0.306329
0.685875 0.717355 -0.283474
0.662459 0.707201 -0.297756
0.67103 0.691663 -0.30522
0.665851 0.682771 -0.330737
0.670143 0.68353 -0.31022
0.668842 0.686722 -0.283544
0.666 0.693008 -0.297026
0.6729 0.69009 -0.308212
0.680879 0.679715 -0.333793
0.696926 0.66445 -0.308001
0.673082 0.670743 -0.306366
0.688077 0.661852 -0.346528
0.691607 0.647829 -0.328256
0.689683 0.65586 -0.347046
0.670179 0.655289 -0.32875
0.651419 0.649239 -0.304103
0.654393 0.660831 -0.304272
0.677214 0.664521 -0.334946
0.676073 0.66045 -0.334147
0.661498 0.667478 -0.280408
0.66282 0.652576 -0.313827
0.655008 0.630903 -0.314477
0.655528 0.638655 -0.293672
0.646581 0.650733 -0.293549
0.656824 0.65501 -0.301643
0.660232 0.665497 -0.312877
0.676904 0.644883 -0.344518
0.667911 0.641607 -0.32146
0.686295 0.623639 -0.355821
0.689369 0.635364 -0.352817
0.674737 0.630311 -0.331395
0.679741 0.639335 -0.326817
0.67678 0.634986 -0.332246
0.678249 0.650704 -0.334748
0.661815 0.670202 -0.293188
0.656199 0.659536 -0.305397
0.662147 0.647657 -0.305957
0.649091 0.635319 -0.311426
0.634371 0.615661 -0.281044
0.625782 0.607881 -0.284258
0.619736 0.614405 -0.271502
0.633642 0.606127 -0.302402
0.651189 0.615009 -0.307897
0.651164 0.632455 -0.312122
0.664648 0.628767 -0.324692
0.639446 0.63671 -0.291283
0.65875 0.620691 -0.319994
0.644203 0.616288 -0.280767
0.639148 0.626745 -0.291409
0.656645 0.614444 -0.299874
0.648969 0.61052 -0.288436
0.630741 0.602301 -0.29299
0.639403 0.616388 -0.29109
0.660819 0.649233 -0.294235
0.653284 0.653204 -0.317483
0.665864 0.65858 -0.320085
0.687808 0.656353 -0.345912
0.695721 0.655135 -0.359126
0.713139 0.669375 -0.365164
0.714841 0.670919 -0.345348
0.723514 0.675644 -0.369094
0.715198 0.673511 -0.344253
0.722541 0.675329 -0.370385
0.706887 0.669703 -0.342605
0.700101 0.670822 -0.359991
0.69567 0.66417 -0.318518
0.687315 0.671793 -0.329787
0.679056 0.666813 -0.312149
0.677089 0.657635 -0.338925
0.67706 0.650359 -0.349448
0.693302 0.663801 -0.339074
0.67092 0.644677 -0.313563
0.689954 0.640725 -0.35497
0.677983 0.647487 -0.306133
0.678818 0.643355 -0.337907
0.669337 0.623307 -0.313296
0.652619 0.613401 -0.298539
0.660676 0.62088 -0.307344
0.663525 0.618389 -0.320287
0.637132 0.61054 -0.280401
0.630216 0.625635 -0.268371
0.643392 0.643372 -0.28422
0.638642 0.645379 -0.297508
0.657599 0.642239 -0.314443
0.647699 0.646305 -0.309612
0.657305 0.634408 -0.317949
0.66875 0.637473 -0.34646
0.682742 0.626977 -0.347884
0.676928 0.616364 -0.328655
0.685804 0.612094 -0.343028
0.693082 0.623758 -0.340415
0.684851 0.634149 -0.333787
0.682057 0.654951 -0.323413
0.659409 0.652172 -0.314397
0.656322 0.637991 -0.300658
0.655276 0.638205 -0.304588
0.661345 0.636165 -0.321014
0.668477 0.625495 -0.322186
0.664042 0.634214 -0.322492
0.667557 0.635327 -0.331769
0.683384 0.627959 -0.335825
0.665041 0.628359 -0.308605
0.687902 0.640715 -0.344801
0.66546 0.632171 -0.319639
0.659553 0.627637 -0.328036
0.665077 0.629629 -0.324983
0.650329 0.651412 -0.30706
0.665968 0.637022 -0.308247
0.674882 0.637969 -0.342571
0.651494 0.6373 -0.286222
0.667324 0.649666 -0.328222
0.655507 0.624731 -0.319739
0.64851 0.604109 -0.291165
0.628015 0.607987 -0.295448
0.637106 0.585163 -0.28602
0.651763 0.616233 -0.293874
0.662218 0.602044 -0.323084
0.630945 0.619704 -0.257655
0.641814 0.626618 -0.303494
0.639926 0.636923 -0.267903
0.637506 0.65755 -0.25562
0.646504 0.637721 -0.294755
0.662179 0.64127 -0.302408
0.666024 0.630801 -0.329878
0.651777 0.646737 -0.30124
0.661766 0.649563 -0.307818
0.671433 0.65359 -0.330046
0.669969 0.655318 -0.315091
0.660295 0.642374 -0.29451
0.669078 0.629917 -0.334982
0.666843 0.642297 -0.325724
0.658482 0.659316 -0.331557
0.660776 0.661141 -0.284476
0.64706 0.645477 -0.299043
0.643523 0.624579 -0.299864
0.644726 0.648689 -0.28535
0.618483 0.652956 -0.257868
0.61895 0.653535 -0.25707
0.613556 0.641063 -0.239873
0.629846 0.613403 -0.271607
0.651615 0.603195 -0.31048
0.662303 0.608916 -0.284606
0.658691 0.603205 -0.296266
0.646349 0.619124 -0.303549
0.638584 0.63187 -0.286742
0.645786 0.63301 -0.294525
0.665208 0.646683 -0.299068
0.661535 0.652189 -0.306937
0.647364 0.650067 -0.291435
0.662898 0.670953 -0.312089
0.670635 0.683669 -0.301429
0.691177 0.681061 -0.320296
0.683285 0.688427 -0.320011
0.684384 0.705455 -0.282309
0.692178 0.71149 -0.295959
0.675678 0.712162 -0.290172
0.672791 0.717737 -0.259199
0.683503 0.724065 -0.301685
0.683692 0.7248 -0.303076
0.68937 0.704494 -0.331215
0.673191 0.711356 -0.310162
0.667982 0.71054 -0.285016
0.655364 0.703038 -0.262113
0.66305 0.70215 -0.28304
0.643345 0.711221 -0.287518
0.649577 0.687514 -0.270417
0.665407 0.688614 -0.296821
0.690318 0.676373 -0.333615
0.689335 0.688041 -0.309459
0.676292 0.671428 -0.31411
0.684308 0.681592 -0.327862
0.689701 0.69526 -0.3083
0.681788 0.687513 -0.323632
0.685156 0.697676 -0.328862
0.681068 0.688312 -0.300932
0.689099 0.677187 -0.325248
0.688235 0.678146 -0.324476
0.670586 0.690969 -0.314272
0.681526 0.67817 -0.321677
0.699423 0.68028 -0.339857
0.721671 0.677131 -0.367528
0.722092 0.695909 -0.338429
0.728806 0.692939 -0.343742
0.720748 0.662253 -0.339331
0.710387 0.633629 -0.374569
0.709444 0.651499 -0.361102
0.676402 0.665363 -0.337857
0.66475 0.673308 -0.321136
0.662195 0.668232 -0.271843
0.681964 0.679037 -0.319187
0.713545 0.691168 -0.344534
0.706493 0.688203 -0.339868
0.715285 0.667388 -0.352798
0.735429 0.672284 -0.35862
0.716226 0.668502 -0.377578
0.701251 0.662693 -0.361113
0.690854 0.67056 -0.310669
0.699367 0.67394 -0.352743
0.67091 0.672017 -0.31131
0.696779 0.654737 -0.332864
0.679269 0.6598 -0.334233
0.694863 0.660568 -0.367534
0.695867 0.6734 -0.357947
0.666762 0.671293 -0.320699
0.676657 0.665477 -0.31536
0.66964 0.68589 -0.300914
0.659689 0.675123 -0.299196
0.653436 0.668597 -0.316799
0.662733 0.65368 -0.317283
0.680923 0.657337 -0.338698
0.685609 0.654768 -0.343665
0.699331 0.658066 -0.34672
0.685751 0.637746 -0.346241
0.666393 0.642857 -0.291014
0.685101 0.632677 -0.36458
0.703836 0.642454 -0.34501
0.714353 0.6437 -0.377005
0.728151 0.662996 -0.368004
0.727299 0.669639 -0.35026
0.740477 0.66247 -0.372009
0.729857 0.650815 -0.376195
0.713415 0.662421 -0.369647
0.696996 0.673735 -0.362947
0.698685 0.672698 -0.355455
0.691776 0.666611 -0.363825
0.688202 0.651327 -0.358812
0.699033 0.662073 -0.33746
0.693384 0.666436 -0.336044
0.665915 0.655195 -0.320205
0.676805 0.653778 -0.331947
0.689594 0.66252 -0.345419
0.682513 0.692992 -0.30031
0.698424 0.697104 -0.331683
0.670802 0.704767 -0.29937
0.670289 0.71061 -0.289437
0.702421 0.708502 -0.331563
0.710509 0.709898 -0.314212
0.725745 0.722314 -0.350159
0.70742 0.717989 -0.334204
0.714735 0.706343 -0.321104
0.716946 0.704042 -0.33251
0.742347 0.684805 -0.377128
0.722649 0.695093 -0.367003
0.722574 0.694422 -0.323987
0.721207 0.684344 -0.336761
0.72133 0.680225 -0.353286
0.710884 0.669418 -0.325319
0.69146 0.65535 -0.328062
0.70819 0.653033 -0.35328
0.706362 0.637253 -0.366273
0.713861 0.626919 -0.361866
0.722041 0.627092 -0.362107
0.725813 0.645634 -0.378009
0.723974 0.646874 -0.356678
0.736319 0.610723 -0.391381
0.702549 0.651409 -0.337015
0.711221 0.655615 -0.374665
0.699448 0.649709 -0.379717
0.698808 0.649311 -0.35199
0.698992 0.636209 -0.363592
0.708928 0.638281 -0.361104
0.706978 0.636791 -0.382241
0.715937 0.624311 -0.367695
0.723862 0.638462 -0.372226
0.708785 0.647217 -0.364309
0.710753 0.643192 -0.383592
0.702489 0.647046 -0.375322
0.706968 0.665668 -0.340487
0.706797 0.669561 -0.368747
0.710818 0.6582 -0.352264
0.700057 0.647116 -0.354782
0.706067 0.64125 -0.362304
0.727284 0.631655 -0.368774
0.713733 0.634928 -0.372097
0.694218 0.637855 -0.353296
0.710937 0.642257 -0.362827
0.690966 0.637933 -0.354411
0.684193 0.626321 -0.354804
0.69048 0.609964 -0.343378
0.692402 0.605622 -0.350335
0.703492 0.613095 -0.355548
0.687072 0.626077 -0.356999
0.678814 0.623374 -0.341249
0.687391 0.615122 -0.364501
0.701039 0.600595 -0.340327
0.728183 0.596322 -0.363767
0.746908 0.615247 -0.368973
0.734452 0.592157 -0.362153
0.739458 0.600765 -0.365768
0.722251 0.597597 -0.372054
0.719383 0.602028 -0.382766
0.712643 0.605383 -0.370374
0.738459 0.625024 -0.401505
0.753817 0.64025 -0.378689
0.748718 0.654904 -0.377813
0.754577 0.639877 -0.399992
0.751183 0.635283 -0.379039
0.743046 0.639902 -0.384033
0.739154 0.638496 -0.378666
0.738302 0.639514 -0.362167
0.74475 0.625551 -0.39048
0.755136 0.623467 -0.382624
0.743098 0.619289 -0.367182
0.734459 0.620767 -0.381105
0.738208 0.638926 -0.372469
0.737044 0.635612 -0.39008
0.717173 0.646082 -0.369531
0.704895 0.65103 -0.368522
0.699796 0.664535 -0.347461
0.680802 0.687536 -0.310448
0.662915 0.679666 -0.315215
0.650472 0.674243 -0.277861
0.632776 0.667039 -0.258607
0.635473 0.666168 -0.264761
0.644814 0.665354 -0.273845
0.63856 0.668893 -0.284496
0.629421 0.675096 -0.285368
0.638986 0.695301 -0.262031
0.652844 0.710568 -0.275661
0.66363 0.719852 -0.281125
0.677104 0.735109 -0.271609
0.668287 0.728569 -0.287646
0.684152 0.729826 -0.287342
0.676679 0.734697 -0.28695
0.689023 0.732885 -0.292498
0.69196 0.70714 -0.338492
0.707503 0.704508 -0.327329
0.706958 0.708553 -0.320345
0.713838 0.708537 -0.32364
0.735644 0.713048 -0.334599
0.743137 0.728176 -0.294519
0.740598 0.73344 -0.323456
0.716073 0.758608 -0.290926
0.717913 0.749442 -0.287149
0.736619 0.737634 -0.307133
0.741099 0.728902 -0.328815
0.7417 0.711157 -0.369859
0.756062 0.730537 -0.300267
0.77408 0.74322 -0.30827
0.778294 0.740521 -0.280399
0.7707 0.733424 -0.343017
0.747684 0.730341 -0.293211
0.768912 0.749276 -0.263641
0.750187 0.747911 -0.298046
0.754411 0.746795 -0.311179
0.750298 0.751085 -0.322831
0.763004 0.750206 -0.328864
0.757134 0.774777 -0.281311
0.757954 0.770524 -0.269416
0.77233 0.788725 -0.278811
0.768546 0.758033 -0.293531
0.762723 0.774715 -0.188956
0.757173 0.761613 -0.307391
0.772333 0.767354 -0.312887
0.778861 0.767254 -0.334277
0.784751 0.772469 -0.275272
0.77693 0.759501 -0.30805
0.797528 0.742805 -0.386889
0.776596 0.736212 -0.287261
0.765817 0.738672 -0.345788
0.77475 0.71465 -0.387298
0.759259 0.717168 -0.356816
0.738924 0.733747 -0.353747
0.740221 0.733948 -0.299001
0.737597 0.739137 -0.325424
0.715987 0.732829 -0.324901
0.736445 0.74213 -0.331381
0.763188 0.748965 -0.295863
0.755639 0.738332 -0.32282
0.778753 0.728084 -0.344752
0.769716 0.735586 -0.350089
0.778287 0.724736 -0.320546
0.776002 0.709389 -0.338421
0.790432 0.735772 -0.296671
0.771604 0.749848 -0.314748
0.759449 0.746999 -0.314075
0.762508 0.760931 -0.33608
0.747772 0.74157 -0.340042
0.738336 0.761242 -0.316929
0.74219 0.76453 -0.288263
0.741104 0.769824 -0.290728
0.736407 0.75543 -0.329663
0.727443 0.771253 -0.269449
0.723757 0.769258 -0.245413
0.7339 0.765148 -0.287931
0.729627 0.761543 -0.281769
0.729711 0.759264 -0.244265
0.718887 0.768606 -0.289398
0.711632 0.771931 -0.277633
0.709653 0.786767 -0.262903
0.730577 0.78836 -0.249356
0.731127 0.783442 -0.295009
0.726617 0.798475 -0.240405
0.72661 0.798374 -0.239149
0.717883 0.80591 -0.231326
0.716746 0.800661 -0.204243
0.709132 0.816542 -0.217525
0.727521 0.829176 -0.210234
0.71987 0.82286 -0.271613
0.702588 0.821839 -0.219021
0.717615 0.829815 -0.220357
0.718286 0.834238 -0.17036
0.728621 0.832674 -0.171215
0.739638 0.843952 -0.198851
0.742926 0.826309 -0.175146
0.742802 0.817966 -0.213307
0.739409 0.796343 -0.226785
0.725134 0.792576 -0.287262
0.724059 0.78139 -0.289051
0.715903 0.776572 -0.239574
0.722153 0.761692 -0.247933
0.724021 0.746574 -0.290696
0.736897 0.760867 -0.316659
0.729152 0.750877 -0.30291
0.752983 0.74977 -0.307486
0.764948 0.753666 -0.306566
0.752932 0.745886 -0.344873
0.760757 0.739667 -0.298891
0.77484 0.769995 -0.300312
0.801871 0.776109 -0.320186
0.788609 0.774328 -0.292488
0.79991 0.76627 -0.29137
0.785233 0.762773 -0.288429
0.785739 0.74968 -0.293755
0.806533 0.725591 -0.312536
0.813261 0.728676 -0.344686
0.806649 0.737418 -0.358549
0.807304 0.737057 -0.320907
0.796724 0.742837 -0.325114
0.802548 0.742758 -0.314471
0.800957 0.743105 -0.303017
0.805479 0.751186 -0.292104
0.809262 0.76174 -0.315053
0.810619 0.788872 -0.231739
0.81996 0.77233 -0.260779
0.812599 0.790177 -0.253368
0.816095 0.797182 -0.218689
0.825059 0.777819 -0.269997
0.808978 0.768857 -0.243804
0.819027 0.785456 -0.208247
0.797203 0.778492 -0.27615
0.789954 0.776893 -0.236272
0.787928 0.780308 -0.248214
0.788219 0.788674 -0.273205
0.773008 0.777797 -0.293401
0.766541 0.773101 -0.260007
0.757597 0.767286 -0.324537
0.752739 0.781792 -0.226271
0.760246 0.796565 -0.281072
0.766523 0.781896 -0.29981
0.747057 0.803561 -0.296402
0.742426 0.816118 -0.236
0.74168 0.818992 -0.144956
0.756129 0.827548 -0.231787
0.751259 0.819243 -0.291256
0.769941 0.831101 -0.26672
0.787494 0.831067 -0.222129
0.781079 0.822719 -0.139625
0.772955 0.823489 -0.211257
0.793305 0.821529 -0.207895
0.78979 0.80094 -0.224491
0.78716 0.785652 -0.272564
0.799839 0.780438 -0.232137
0.797414 0.78576 -0.295643
0.804145 0.770622 -0.281711
0.800222 0.77389 -0.251682
0.79073 0.748179 -0.331703
0.776482 0.749058 -0.317421
0.790148 0.747663 -0.298577
0.799305 0.708921 -0.351042
0.803476 0.720744 -0.349548
0.814304 0.730087 -0.367272
0.818573 0.739975 -0.311905
0.819691 0.749929 -0.329274
0.810404 0.727948 -0.329654
0.801165 0.733769 -0.242665
0.814927 0.735872 -0.300412
0.806519 0.729138 -0.350678
0.799725 0.730796 -0.365177
0.80056 0.734507 -0.297792
0.783662 0.728825 -0.352408
0.790582 0.737221 -0.361961
0.792601 0.716658 -0.331143
0.775795 0.711824 -0.345731
0.785617 0.718539 -0.363968
0.782787 0.696805 -0.375083
0.771653 0.686934 -0.379307
0.786808 0.697567 -0.383871
0.775228 0.690745 -0.389535
0.786188 0.677154 -0.353606
0.793071 0.665841 -0.361812
0.797306 0.657382 -0.407528
0.80148 0.64443 -0.393228
0.801532 0.639835 -0.359812
0.80458 0.649687 -0.367236
0.783297 0.654162 -0.387215
0.788045 0.648218 -0.382174
0.781064 0.656259 -0.389365
0.76584 0.657231 -0.38229
0.769865 0.672697 -0.367719
0.768984 0.663958 -0.390803
0.765152 0.641339 -0.396386
0.768665 0.637303 -0.385335
0.784438 0.629633 -0.399897
0.776194 0.632158 -0.396533
0.789214 0.652374 -0.396844
0.798684 0.641294 -0.385982
0.803486 0.628536 -0.402833
0.804502 0.631057 -0.387436
0.804335 0.624054 -0.37163
0.784518 0.633119 -0.403318
0.791082 0.626431 -0.406195
0.780212 0.628756 -0.387862
0.782202 0.641265 -0.39448
0.785062 0.66585 -0.407326
0.774974 0.687364 -0.373721
0.786334 0.683017 -0.358325
0.801277 0.695246 -0.366427
0.788862 0.710232 -0.364803
0.782655 0.701469 -0.361067
0.783548 0.701403 -0.369877
0.801363 0.715723 -0.340166
0.797588 0.71706 -0.357117
0.791088 0.723013 -0.318398
0.785596 0.715025 -0.355889
0.791535 0.707391 -0.371101
0.783132 0.718381 -0.376067
0.81236 0.718108 -0.335653
0.821548 0.734413 -0.318253
0.826681 0.736628 -0.339468
0.848519 0.738006 -0.351747
0.849426 0.744926 -0.277028
0.839179 0.742084 -0.320011
0.826677 0.745479 -0.322753
0.809349 0.734739 -0.30808
0.818704 0.747351 -0.204336
0.834067 0.743453 -0.339166
0.843055 0.747009 -0.267382
0.845669 0.737294 -0.320063
0.852327 0.743798 -0.263165
0.851113 0.737125 -0.267732
0.861117 0.735132 -0.251485
0.864269 0.740259 -0.231798
0.837057 0.729059 -0.328503
0.835382 0.724871 -0.365862
0.822078 0.723267 -0.373812
0.844145 0.67579 -0.383418
0.868204 0.683464 -0.379346
0.861734 0.662721 -0.384538
0.866206 0.685819 -0.366369
0.866054 0.677901 -0.336436
0.859983 0.672761 -0.371957
0.860531 0.684275 -0.373175
0.860789 0.680632 -0.329328
0.848206 0.684876 -0.404537
0.866553 0.668716 -0.328426
0.88647 0.671457 -0.329627
0.878594 0.674006 -0.336593
0.881828 0.682252 -0.352483
0.875506 0.678125 -0.339868
0.904724 0.692777 -0.269817
0.882212 0.699375 -0.303206
0.891482 0.695471 -0.300132
0.891256 0.683129 -0.266241
0.899271 0.688557 -0.349052
0.880838 0.693992 -0.353575
0.877858 0.706508 -0.370838
0.876708 0.720886 -0.327094
0.878332 0.708403 -0.34455
0.865294 0.689908 -0.347229
0.881885 0.684543 -0.30991
0.878377 0.690277 -0.364747
0.88354 0.698872 -0.3151
0.892593 0.709439 -0.293214
0.88491 0.713869 -0.297868
0.886641 0.735625 -0.25208
0.877333 0.736494 -0.324255
0.872795 0.734575 -0.359674
0.870672 0.714527 -0.323324
0.860459 0.729766 -0.311756
0.861229 0.734317 -0.240646
0.862239 0.729993 -0.318764
0.846641 0.723828 -0.33754
0.836053 0.739479 -0.282779
0.863245 0.726818 -0.322468
0.820969 0.723941 -0.313565
0.811036 0.728009 -0.323038
0.809119 0.735541 -0.350557
0.827142 0.741628 -0.320637
0.844617 0.735963 -0.322235
0.842604 0.746526 -0.26679
0.833236 0.756378 -0.21873
0.834637 0.74699 -0.25161
0.826527 0.748222 -0.301891
0.828712 0.761434 -0.309274
0.834622 0.753768 -0.315087
0.83524 0.761174 -0.249396
0.837176 0.761932 -0.222127
0.844722 0.762059 -0.255687
0.855945 0.760066 -0.306315
0.87876 0.76981 -0.258178
0.905361 0.77512 -0.202631
0.903753 0.755772 -0.221902
0.886006 0.750303 -0.261768
0.876337 0.750644 -0.254706
0.876889 0.757402 -0.297715
0.881738 0.759136 -0.282392
0.864874 0.773929 -0.236087
0.855448 0.755637 -0.270871
0.839406 0.778176 -0.229802
0.8303 0.782691 -0.218905
0.813866 0.80081 -0.278316
0.819282 0.7991 -0.269725
0.841372 0.802936 -0.245907
0.839891 0.81159 -0.192254
0.835197 0.811941 -0.185714
0.816013 0.811021 -0.221732
0.788856 0.800622 -0.271706
0.802986 0.801498 -0.277281
0.805145 0.812172 -0.222365
0.814583 0.812152 -0.223468
0.816453 0.816388 -0.172559
0.819563 0.812435 -0.159152
0.836408 0.804387 -0.179529
0.833528 0.786465 -0.223314
0.843465 0.789359 -0.246064
0.828098 0.796142 -0.243951
0.841801 0.81062 -0.147986
0.828978 0.823414 -0.184038
0.820219 0.826522 -0.127422
0.814724 0.815839 -0.204483
0.813795 0.811461 -0.30756
0.819369 0.819798 -0.230023
0.808857 0.833007 -0.225083
0.799809 0.832391 -0.169809
0.800687 0.82838 -0.190068
0.790248 0.827164 -0.241408
0.784 0.818566 -0.297921
0.793108 0.811874 -0.235126
0.799436 0.821704 -0.21109
0.783034 0.822203 -0.210904
0.794326 0.819123 -0.186983
0.783546 0.803496 -0.25524
0.77228 0.806518 -0.242426
0.760322 0.789284 -0.287059
0.765942 0.814615 -0.25646
0.764805 0.821492 -0.254867
0.78399 0.79818 -0.205053
0.77601 0.784128 -0.286479
0.780054 0.78308 -0.253403
0.794147 0.778182 -0.242428
0.794537 0.774363 -0.266751
0.810469 0.772228 -0.241994
0.806214 0.760248 -0.3044
0.809585 0.749151 -0.342087
0.808582 0.763431 -0.277228
0.812774 0.762199 -0.256607
0.80244 0.749727 -0.306655
0.804086 0.73053 -0.350895
0.776848 0.731441 -0.34597
0.794358 0.74309 -0.317019
0.800069 0.727131 -0.3061
0.792932 0.742433 -0.303737
0.812921 0.726026 -0.309273
0.804833 0.731622 -0.28626
0.798016 0.717322 -0.294216
0.789573 0.696064 -0.373631
0.793244 0.681099 -0.341438
0.786318 0.683813 -0.37822
0.797076 0.682624 -0.389836
0.803913 0.677411 -0.349277
0.799071 0.681377 -0.358484
0.788049 0.687998 -0.368649
0.779421 0.692867 -0.390473
0.772053 0.694379 -0.369125
0.77268 0.691737 -0.388732
0.764453 0.708469 -0.346254
0.772105 0.699189 -0.377336
0.780804 0.687489 -0.398462
0.773791 0.683813 -0.348928
0.766324 0.677948 -0.336015
0.753267 0.692079 -0.357833
0.753113 0.680511 -0.351891
0.74105 0.684887 -0.363219
0.755125 0.702571 -0.323529
0.747745 0.691604 -0.325795
0.737151 0.701336 -0.376197
0.763958 0.691836 -0.355895
0.754477 0.699568 -0.393437
0.774062 0.69929 -0.385002
0.766132 0.697336 -0.353584
0.753324 0.711212 -0.316732
0.768276 0.708015 -0.361843
0.769185 0.69989 -0.36442
0.775238 0.692998 -0.361415
0.768393 0.71299 -0.342193
0.782606 0.680685 -0.400097
0.769635 0.686636 -0.386493
0.759718 0.691528 -0.346167
0.764349 0.675283 -0.381074
0.768601 0.680881 -0.35669
0.7651 0.669777 -0.344589
0.752172 0.654528 -0.369073
0.74266 0.65294 -0.381035
0.744679 0.652306 -0.394331
0.740468 0.67027 -0.371389
0.715571 0.682188 -0.35661
0.705125 0.682947 -0.357023
0.702002 0.685661 -0.328585
0.706089 0.672108 -0.346118
0.69885 0.678376 -0.32902
0.698528 0.671723 -0.304727
0.719603 0.669432 -0.33731
0.7072 0.684449 -0.360274
0.711177 0.693325 -0.337914
0.726104 0.689967 -0.341725
0.718247 0.678082 -0.324151
0.71474 0.673719 -0.351251
0.716843 0.654156 -0.374907
0.702459 0.652286 -0.343758
0.717784 0.654249 -0.369079
0.728764 0.652187 -0.366097
0.735034 0.660686 -0.378216
0.733564 0.652004 -0.371986
0.740064 0.644952 -0.382066
0.73447 0.638437 -0.380367
0.741547 0.630955 -0.392216
0.738189 0.612072 -0.384489
0.749218 0.620334 -0.351916
0.755357 0.617479 -0.397509
0.739124 0.626108 -0.381104
0.726834 0.639544 -0.384373
0.718271 0.645799 -0.370652
0.735006 0.663438 -0.386499
0.73846 0.664106 -0.345366
0.721817 0.653296 -0.39712
0.763017 0.656781 -0.410667
0.77009 0.645135 -0.386756
0.766014 0.610218 -0.39221
0.75661 0.592891 -0.395998
0.777985 0.605368 -0.394383
0.789203 0.589164 -0.368511
0.802903 0.579043 -0.350728
0.807986 0.589541 -0.367426
0.819374 0.591209 -0.376403
0.819298 0.597764 -0.331265
0.801705 0.611538 -0.389795
0.807691 0.627948 -0.388166
0.810627 0.637717 -0.411361
0.809029 0.652578 -0.377099
0.809143 0.643524 -0.394626
0.78328 0.637429 -0.397829
0.795198 0.62572 -0.389814
0.789644 0.625209 -0.389568
0.77519 0.631193 -0.378165
0.799726 0.638694 -0.408257
0.785111 0.631355 -0.391302
0.778651 0.636172 -0.387273
0.763099 0.62483 -0.396517
0.769575 0.630043 -0.394266
0.755032 0.63267 -0.372772
0.773691 0.61413 -0.393936
0.7814 0.623721 -0.38403
0.785159 0.595358 -0.350005
0.760051 0.576426 -0.359359
0.762319 0.573098 -0.354107
0.76621 0.57911 -0.369999
0.759954 0.592416 -0.363294
0.755932 0.594347 -0.38228
0.739634 0.600374 -0.369086
0.721657 0.605381 -0.363036
0.723373 0.620383 -0.367607
0.729689 0.617309 -0.365345
0.715687 0.610327 -0.390752
0.720705 0.612662 -0.376649
0.717831 0.612758 -0.347684
0.716722 0.613679 -0.376159
0.728315 0.613314 -0.376685
0.741729 0.608117 -0.374133
0.73931 0.61301 -0.37845
0.736864 0.61116 -0.395034
0.742782 0.612573 -0.388014
0.758387 0.604108 -0.383788
0.762298 0.611515 -0.370176
0.749743 0.622379 -0.388113
0.744439 0.610839 -0.356463
0.743169 0.603812 -0.383683
0.734088 0.600858 -0.381576
0.717334 0.612474 -0.370357
0.707153 0.60523 -0.349993
0.715355 0.606827 -0.367829
0.725626 0.604411 -0.375512
0.717799 0.598105 -0.360063
0.721324 0.603048 -0.378634
0.71922 0.585583 -0.362836
0.72815 0.581664 -0.37204
0.732187 0.585348 -0.359858
0.725851 0.613886 -0.361817
0.730853 0.606842 -0.373545
0.720985 0.602437 -0.377492
0.729131 0.6027 -0.361176
0.731538 0.604781 -0.361225
0.716724 0.605231 -0.358514
0.725674 0.603997 -0.381121
0.740708 0.604144 -0.390808
0.74905 0.61342 -0.384039
0.743632 0.618067 -0.386787
0.754856 0.603412 -0.389488
0.765648 0.613633 -0.396439
0.756315 0.618243 -0.384908
0.76765 0.618293 -0.39745
0.769368 0.62314 -0.396839
0.773205 0.619161 -0.384605
0.771533 0.636993 -0.352769
0.774619 0.629754 -0.403689
0.791212 0.633137 -0.404047
0.765491 0.61811 -0.384405
0.775302 0.589629 -0.395085
0.770095 0.600672 -0.389518
0.773118 0.604833 -0.381792
0.786736 0.606569 -0.373273
0.768219 0.609797 -0.376499
0.774219 0.613734 -0.389541
0.768086 0.607113 -0.378465
0.76887 0.604566 -0.389664
0.76576 0.615417 -0.391415
0.761667 0.622569 -0.409607
0.757288 0.614782 -0.400868
0.750901 0.621288 -0.383154
0.758086 0.615921 -0.362645
0.767362 0.611663 -0.380424
0.772592 0.620812 -0.369517
0.765675 0.613285 -0.390971
0.745379 0.621687 -0.389774
0.756806 0.629581 -0.379681
0.755461 0.636249 -0.408066
0.749161 0.617402 -0.385282
0.766135 0.613324 -0.375175
0.768547 0.622219 -0.404116
0.776994 0.627827 -0.404524
0.776139 0.627357 -0.384092
0.772785 0.601601 -0.383382
0.776116 0.592492 -0.372677
0.78939 0.591627 -0.400588
0.787518 0.613831 -0.406572
0.800624 0.618273 -0.390785
0.803466 0.631189 -0.384548
0.815683 0.622382 -0.39619
0.824755 0.621017 -0.379375
0.824945 0.615338 -0.387188
0.824877 0.608088 -0.38848
0.831304 0.632465 -0.388753
0.838334 0.635189 -0.387834
0.84551 0.636768 -0.380113
0.828699 0.639962 -0.385856
0.829359 0.635228 -0.413517
0.829116 0.663539 -0.368161
0.829098 0.657845 -0.371867
0.842853 0.647469 -0.386719
0.82522 0.646897 -0.383794
0.818463 0.647367 -0.386576
0.817619 0.635848 -0.379154
0.812962 0.635922 -0.39033
0.813736 0.634896 -0.368661
0.815467 0.626984 -0.40527
0.818909 0.628581 -0.397914
0.822588 0.640681 -0.386846
0.829979 0.634642 -0.358636
0.82875 0.635492 -0.392688
0.835644 0.616717 -0.362686
0.828504 0.62822 -0.403973
0.819488 0.642413 -0.408142
0.816176 0.6385 -0.393087
0.817424 0.642372 -0.381197
0.824465 0.642181 -0.36561
0.813197 0.632288 -0.369936
0.816111 0.624344 -0.410962
0.803137 0.621135 -0.400181
0.802015 0.640995 -0.400254
0.800217 0.634085 -0.349947
0.7982 0.610753 -0.395989
0.786288 0.626856 -0.423735
0.780115 0.635431 -0.38573
0.780725 0.636917 -0.409953
0.777719 0.631701 -0.404732
0.781122 0.63785 -0.375835
0.786418 0.630457 -0.392804
0.782363 0.63879 -0.395906
0.784095 0.646331 -0.395949
0.780452 0.637526 -0.400661
0.785569 0.637853 -0.370362
0.801054 0.639521 -0.371937
0.802897 0.638808 -0.417005
0.801732 0.656856 -0.375984
0.7963 0.666373 -0.3882
0.812442 0.655604 -0.400172
0.81716 0.667781 -0.382507
0.820608 0.675157 -0.344063
0.826453 0.653995 -0.371569
0.814895 0.648243 -0.404248
0.818005 0.645369 -0.389553
0.802026 0.636559 -0.407386
0.800252 0.640916 -0.397697
0.805374 0.633067 -0.39485
0.806074 0.625222 -0.398256
0.805723 0.616188 -0.385732
0.805344 0.627808 -0.363415
0.811956 0.628519 -0.390536
0.817164 0.635604 -0.383127
0.812377 0.642674 -0.364408
0.801085 0.650248 -0.39919
0.806486 0.650385 -0.409597
0.801462 0.637064 -0.381518
0.801999 0.645653 -0.393449
0.792419 0.632511 -0.392312
0.787649 0.644014 -0.40128
0.79095 0.648023 -0.387132
0.795367 0.625285 -0.375063
0.807357 0.630035 -0.382429
0.798278 0.624309 -0.393763
0.813363 0.628724 -0.387524
0.820216 0.605801 -0.375613
0.804432 0.609989 -0.391683
0.80661 0.617974 -0.393655
0.819624 0.614795 -0.393106
0.810764 0.62508 -0.380164
0.811683 0.626981 -0.381346
0.815419 0.638113 -0.393308
0.812309 0.641764 -0.39369
0.795227 0.63808 -0.410036
0.79216 0.634426 -0.381259
0.782441 0.638563 -0.388149
0.775492 0.63966 -0.365446
0.77979 0.638596 -0.397616
0.775083 0.642948 -0.390363
