1 33.0087
2 30.9457
3 29.6019
4 28.7126
5 27.5492
6 27.0572
7 26.5173
8 25.9945
9 25.2563
10 25.4648
11 24.8925
12 25.2872
13 24.9768
14 24.3804
15 23.9935
16 23.6488
17 23.5367
18 22.9252
19 22.7472
20 21.5489
21 20.4013
22 18.9514
23 18.2968
24 18.2873
25 18.0999
26 17.3053
27 16.9415
28 16.3431
29 15.9219
30 16.0738
31 15.8178
32 15.8233
33 15.585
34 15.7596
35 15.2906
36 14.9671
37 14.6201
38 14.8383
39 14.604
40 14.5173
41 14.5026
42 14.236
43 14.1098
44 14.0949
45 13.982
46 13.6688
47 13.7458
48 13.4198
49 13.4996
50 13.3758
51 13.0502
52 13.4478
53 13.3743
54 13.3796
55 13.3536
56 12.855
57 12.5673
58 12.4767
59 13.1555
60 13.4
61 13.4866
62 13.4496
63 13.1361
64 13.0471
65 12.4737
66 12.3645
67 12.0424
68 11.9786
69 11.9976
70 11.8437
71 12.039
72 12.0437
73 11.5079
74 11.7206
75 11.8042
76 11.4846
77 11.5197
78 11.487
79 11.378
80 11.4236
81 11.3653
82 11.517
83 11.4867
84 11.383
85 11.4245
86 12.0833
87 11.8994
88 11.6326
89 11.7152
90 11.7563
91 11.5966
92 11.3172
93 11.4806
94 11.3508
95 11.3496
96 11.3267
97 11.6285
98 11.42
99 11.3961
100 11.6519
101 11.4383
102 11.4487
103 11.3743
104 11.3654
105 11.5779
106 11.1398
107 11.2608
108 11.2536
109 11.2754
110 11.5018
111 11.5907
112 12.0461
113 12.0317
114 11.6127
115 11.6478
116 11.6693
117 11.4107
118 11.1512
119 11.618
120 11.0438
121 11.2929
122 11.3261
123 11.694
124 11.8618
125 11.5802
126 11.5486
127 10.9769
128 10.7807
129 11.2594
130 11.366
131 11.4468
132 11.4437
133 11.3714
134 11.3195
135 10.7775
136 11.1492
137 11.6869
138 11.1965
139 11.142
140 10.8475
141 10.8167
142 11.0544
143 11.5891
144 11.1681
145 10.8894
146 10.9804
147 10.9096
148 10.7867
149 10.6911
150 10.9744
151 10.7994
152 10.724
153 10.7381
154 10.9968
155 10.9544
156 11.4662
157 11.0028
158 11.4085
159 11.0855
160 11.0194
161 11.5699
162 11.6742
163 12.2382
164 11.7068
165 11.3807
166 10.959
167 10.9947
168 11.6322
169 11.7957
170 11.3545
171 11.0672
172 10.8502
173 11.2583
174 11.2953
175 11.4418
176 11.755
177 11.1433
178 11.2469
179 11.0659
180 10.7895
181 10.9181
182 11.3121
183 11.1402
184 11.2337
185 11.3416
186 10.9507
187 11.152
188 11.1254
189 11.1241
190 10.9414
191 11.19
192 11.0355
193 11.3463
194 11.4161
195 11.2173
196 11.0621
197 11.0782
198 11.0307
199 11.1571
200 11.1729
201 10.8046
202 11.132
203 11.1993
204 11.3041
205 11.2709
206 11.6098
207 11.9344
208 12.1673
209 11.8392
210 11.7404
211 11.4596
212 11.2963
213 11.7349
214 11.6294
215 11.6656
216 11.8519
217 11.4783
218 11.4064
219 11.14
220 11.2742
221 11.4548
222 11.6736
223 11.4294
224 11.1734
225 11.3142
226 10.9803
227 11.2182
228 11.5929
229 11.2464
230 11.6678
231 11.0593
232 11.229
233 11.2088
234 11.142
235 11.184
236 10.7655
237 10.7711
238 10.9039
239 11.0131
240 10.8267
241 10.9847
242 10.9536
243 11.0933
244 10.8567
245 10.7581
246 10.9094
247 11.2055
248 10.8213
249 10.9489
250 10.6596
251 11.0177
252 11.5794
253 11.3769
254 11.2577
255 11.0513
256 11.3053
257 11.3598
258 11.2876
259 11.7277
260 11.4252
261 11.5426
262 11.6486
263 11.2995
264 11.7305
265 11.4399
266 11.3548
267 11.7981
268 11.6438
269 11.7579
270 11.9223
271 11.8896
272 12.0321
273 12.1471
274 12.2642
275 11.833
276 11.2003
277 11.0625
278 11.3635
279 11.1533
280 11.2814
281 11.1522
282 11.3749
283 11.6317
284 11.3299
285 10.9936
286 11.277
287 11.5102
288 11.8168
289 11.4842
290 11.705
291 11.3024
292 11.3034
293 10.8705
294 10.8281
295 11.0841
296 11.385
297 11.4142
298 11.4565
299 11.4105
300 11.3266
301 11.6738
302 12.1042
303 11.4311
304 11.4491
305 11.3937
306 11.3209
307 11.312
308 11.3956
309 11.7566
310 11.1212
311 11.2688
312 11.4169
313 11.6108
314 11.2012
315 11.3043
316 11.1713
317 11.0822
318 11.2136
319 11.0466
320 11.1123
321 11.2147
322 11.5059
323 11.6834
324 11.6628
325 12.023
326 11.8663
327 11.8596
328 11.4562
329 11.4692
330 10.8528
331 11.0137
332 10.9043
333 10.7367
334 10.7778
335 10.9615
336 11.0233
337 11.1128
338 10.9435
339 11.0238
340 11.0245
341 10.9478
342 10.934
343 11.2683
344 11.9295
345 11.3439
346 11.4191
347 11.5314
348 11.9785
349 11.0361
350 10.7417
351 10.9321
352 11.2164
353 11.1594
354 10.9564
355 10.7829
356 10.8444
357 10.9898
358 11.437
359 11.5143
360 11.5939
361 11.6183
362 11.6234
363 11.4338
364 11.5155
365 11.862
366 11.9132
367 11.6038
368 11.1845
369 11.4825
370 12.4746
371 11.993
372 11.1617
373 11.2528
374 11.5415
375 11.7019
376 11.3085
377 11.2628
378 11.1692
379 11.1679
380 10.7748
381 10.8162
382 10.7766
383 10.6769
384 10.9274
385 11.2201
386 11.0153
387 11.2142
388 10.9312
389 10.8553
390 11.2042
391 11.5103
392 11.3271
393 11.5597
394 12.168
395 11.688
396 11.6515
397 11.3903
398 11.3262
399 11.1866
400 11.0369
401 10.9659
402 10.8345
403 11.3263
404 11.5284
405 11.0222
406 10.8715
407 11.1955
408 11.1991
409 11.1649
410 11.3712
411 11.4772
412 11.2231
413 11.3328
414 11.3963
415 11.2384
416 11.0431
417 11.4392
418 11.2619
419 11.5013
420 11.5447
421 11.2829
422 11.2632
423 11.1106
424 11.0444
425 11.3223
426 11.0863
427 11.1008
428 11.1481
429 11.1564
430 11.0229
431 11.1809
432 10.9688
433 10.9764
434 10.8759
435 10.744
436 10.9129
437 11.3337
438 11.9131
439 11.4498
440 11.3597
441 11.5369
442 11.1044
443 11.727
444 11.7314
445 10.8913
446 10.946
447 11.192
448 11.0881
449 10.9282
450 10.6337
451 10.9556
452 10.9377
453 10.8754
454 10.9092
455 11.0702
456 11.2208
457 11.0235
458 10.672
459 10.9102
460 10.7754
461 11.1124
462 11.2553
463 11.1061
464 11.0995
465 10.833
466 10.7029
467 10.6644
468 11.0642
469 10.7713
470 11.1719
471 10.9347
472 10.6992
473 11.0539
474 10.857
475 11.0381
476 10.9945
477 10.6281
478 10.8167
479 10.7377
480 10.6789
481 11.2437
482 11.084
483 11.2271
484 10.9148
485 10.9959
486 10.6926
487 10.6911
488 10.9796
489 10.9433
490 11.0959
491 10.7095
492 10.872
493 10.6002
494 11.0448
495 11.6061
496 11.5464
497 11.4232
498 10.9092
499 11.7421
500 11.1777
501 11.3559
502 11.0487
503 11.0711
504 11.2953
505 11.61
506 11.3154
507 11.3943
508 10.7151
509 11.1457
510 11.0147
511 11.4417
512 11.53
513 11.2431
514 11.2249
515 11.019
516 10.9848
517 11.0074
518 11.1836
519 11.3865
520 11.2415
521 10.9132
522 10.96
523 10.9115
524 11.2388
525 11.3383
526 11.5639
527 11.5421
528 11.4258
529 11.1929
530 11.4299
531 10.9427
532 11.0319
533 11.0471
534 10.8815
535 10.8691
536 10.9672
537 10.8944
538 10.8294
539 10.7842
540 11.1413
541 11.0397
542 11.1159
543 10.8543
544 11.1838
545 10.8986
546 11.2575
547 11.6303
548 11.6159
549 11.7146
550 11.4991
551 11.4073
552 11.3776
553 11.5831
554 11.7669
555 11.475
556 11.2987
557 11.0625
558 11.6221
559 11.7658
560 11.7699
561 11.3498
562 11.5852
563 11.2861
564 11.4003
565 10.9913
566 11.4195
567 11.3211
568 11.1201
569 11.525
570 11.4831
571 11.2663
572 10.7508
573 10.8303
574 10.9793
575 10.6267
576 10.5667
577 10.7932
578 11.3712
579 11.5275
580 11.3934
581 11.4008
582 11.5206
583 11.3614
584 11.2917
585 11.395
586 10.9898
587 11.8458
588 11.8274
589 11.5354
590 11.6332
591 11.2298
592 11.2252
593 11.2556
594 11.005
595 11.3189
596 11.2653
597 11.1531
598 11.0056
599 10.6581
600 10.7535
601 11.4074
602 11.3793
603 11.0761
604 11.0383
605 11.1683
606 10.9972
607 11.1577
608 11.1588
609 11.4926
610 11.1574
611 10.9242
612 10.8992
613 10.9978
614 11.0037
615 11.0541
616 11.3257
617 11.4854
618 11.1853
619 11.5374
620 11.556
621 10.9329
622 11.3919
623 11.1245
624 10.9049
625 10.8991
626 10.8912
627 11.2109
628 11.3404
629 11.0942
630 10.808
631 11.0077
632 11.178
633 10.9458
634 11.3385
635 11.3531
636 11.8934
637 11.5942
638 11.4128
639 11.0587
640 11.1005
641 11.3485
642 11.2427
643 11.4001
644 11.4431
645 11.7793
646 11.5017
647 11.4597
648 11.2736
649 11.4372
650 11.635
651 11.3388
652 11.2578
653 11.4773
654 11.6024
655 11.3025
656 11.8041
657 11.2583
658 11.1361
659 11.3705
660 10.9035
661 11.205
662 11.7679
663 11.3875
664 11.5437
665 11.26
666 11.4417
667 11.3244
668 11.3453
669 11.2874
670 11.539
671 11.5343
672 11.587
673 12.031
674 11.8066
675 11.8507
676 11.2621
677 11.3613
678 11.3358
679 11.7604
680 11.2079
681 11.5656
682 11.2887
683 11.6346
684 11.9031
685 11.7795
686 11.1695
687 11.5899
688 11.5841
689 11.3156
690 11.3427
691 11.2706
692 11.4234
693 10.8978
694 11.1825
695 11.1286
696 10.9532
697 11.1635
698 12.2068
699 11.7917
700 11.6415
701 11.1529
702 11.7736
703 11.8413
704 11.7795
705 11.8896
706 11.4307
707 11.7454
708 11.527
709 11.4189
710 11.7473
711 11.5134
712 11.3533
713 11.5496
714 11.6727
715 11.641
716 11.2993
717 11.5776
718 11.2429
719 11.4162
720 11.2578
721 11.1892
722 11.2532
723 11.2841
724 11.0598
725 11.5482
726 11.8931
727 11.2699
728 11.6161
729 11.3433
730 11.3689
731 11.629
732 11.6807
733 11.2847
734 11.2362
735 11.282
736 11.1096
737 11.0024
738 11.2455
739 10.9396
740 11.4648
741 11.4669
742 11.5559
743 12.2888
744 11.5389
745 11.34
746 11.9063
747 12.0188
748 11.5931
749 11.0569
750 11.0869
751 11.163
752 11.4087
753 11.4249
754 11.3501
755 11.4561
756 11.3001
757 11.6003
758 11.5128
759 11.041
760 11.1508
761 10.9569
762 11.5246
763 11.2411
764 11.0818
765 11.1291
766 11.0603
767 11.1444
768 10.9207
769 11.1082
770 11.1712
771 11.0159
772 11.5025
773 11.866
774 11.4126
775 11.5335
776 11.5517
777 11.4219
778 11.1751
779 11.4049
780 11.5826
781 11.3988
782 11.1499
783 11.1662
784 11.2698
785 11.6223
786 11.532
787 11.0153
788 10.9132
789 11.3097
790 11.7794
791 11.9758
792 11.8597
793 11.3354
794 11.2316
795 11.4376
796 11.363
797 11.3515
798 11.0624
799 10.8511
800 11.0657
801 11.0746
802 10.9703
803 11.3834
804 10.849
805 11.1971
806 11.3661
807 11.3637
808 10.8578
809 10.98
810 11.2939
811 11.0863
812 11.3177
813 11.0158
814 11.1622
815 11.2058
816 11.0402
817 11.0925
818 10.9899
819 10.7774
820 11.1405
821 11.5257
822 11.2826
823 10.989
824 11.1557
825 10.6939
826 10.9013
827 10.717
828 11.0099
829 11.3546
830 11.2626
831 11.2586
832 11.266
833 11.1466
834 10.9092
835 10.6291
836 10.7972
837 10.8458
838 11.0686
839 10.994
840 10.8783
841 11.2353
842 11.1314
843 11.1087
844 11.1736
845 11.0036
846 11.0016
847 11.1741
848 11.1922
849 11.1846
850 10.8687
851 10.9941
852 11.0906
853 11.1876
854 11.0181
855 10.9541
856 11.2973
857 11.0398
858 11.0213
859 10.9648
860 11.1823
861 11.6791
862 11.9681
863 11.7469
864 12.067
865 11.7353
866 11.6858
867 11.1044
868 11.0448
869 11.1945
870 11.2564
871 11.4152
872 11.3697
873 11.0862
874 11.4236
875 11.6076
876 11.3426
877 10.9315
878 10.8728
879 11.5973
880 11.4865
881 11.0704
882 11.1646
883 11.3512
884 10.6444
885 10.5663
886 10.9111
887 10.5807
888 10.6921
889 10.7656
890 11.2162
891 10.9915
892 11.1143
893 11.271
894 10.833
895 10.621
896 10.8206
897 11.1301
898 11.0729
899 11.3873
900 11.0881
901 10.8206
902 10.6404
903 11.2011
904 11.1766
905 11.2597
906 11.698
907 11.4585
908 11.2934
909 11.1904
910 11.1094
911 10.937
912 10.9198
913 11.1354
914 11.0737
915 11.1322
916 10.8395
917 11.1647
918 11.757
919 11.8703
920 11.1502
921 11.0312
922 11.3719
923 11.3258
924 11.0432
925 11.7448
926 11.569
927 11.2792
928 11.4075
929 11.2652
930 11.5889
931 11.294
932 11.1876
933 11.136
934 11.0331
935 11.069
936 10.6121
937 10.5414
938 10.6933
939 10.7833
940 11.0706
941 10.8285
942 11.1663
943 11.1557
944 10.9804
945 10.6543
946 10.8581
947 10.6641
948 11.0406
949 10.6854
950 11.078
951 11.2316
952 10.9659
953 11.2474
954 10.9958
955 11.263
956 11.3927
957 11.2844
958 11.7997
959 11.2399
960 11.341
961 10.8126
962 11.0795
963 10.9933
964 10.668
965 10.7696
966 11.1759
967 10.9392
968 11.3682
969 11.1463
970 10.9421
971 11.0779
972 11.4791
973 11.454
974 11.2243
975 11.2487
976 11.2509
977 10.9087
978 10.8837
979 11.0757
980 11.0081
981 11.1478
982 11.0106
983 10.7525
984 10.9003
985 10.8201
986 11.0714
987 11.3085
988 11.1899
989 11.4504
990 11.0433
991 11.2833
992 10.8931
993 10.8514
994 10.8333
995 11.1385
996 10.985
997 10.9549
998 11.4827
999 11.416
1000 10.9707
1001 11.0825
1002 11.3577
1003 11.2407
1004 11.4143
1005 11.5713
1006 11.5343
1007 11.1196
1008 10.6494
1009 10.7125
1010 10.6137
1011 10.8111
1012 10.8314
1013 10.6123
1014 11.0189
1015 11.2115
1016 11.3213
1017 12.1624
1018 11.992
1019 11.6675
1020 12.1074
1021 11.6316
1022 11.1935
1023 11.1872
1024 11.1559
1025 11.228
1026 11.1661
1027 10.8301
1028 11.276
1029 11.6446
1030 11.7307
1031 11.355
1032 11.1955
1033 11.2407
1034 11.2981
1035 12.0738
1036 11.9467
1037 11.6651
1038 11.7619
1039 11.5385
1040 11.3002
1041 11.1555
1042 10.9895
1043 10.8463
1044 11.2973
1045 11.1403
1046 11.3328
1047 11.3956
1048 11.6568
1049 11.9157
1050 11.2735
1051 11.3554
1052 11.0644
1053 11.3126
1054 11.2491
1055 11.0414
1056 11.004
1057 11.064
1058 11.2716
1059 10.9026
1060 11.6341
1061 11.2585
1062 11.4583
1063 11.8982
1064 11.5258
1065 11.4431
1066 11.1138
1067 10.7559
1068 11.0661
1069 11.682
1070 11.5297
1071 11.1858
1072 11.248
1073 11.2455
1074 10.9524
1075 10.9752
1076 11.3548
1077 11.1233
1078 11.3786
1079 11.2734
1080 11.4417
1081 11.0661
1082 11.075
1083 11.1656
1084 11.5836
1085 11.2529
1086 11.5884
1087 11.1482
1088 11.1042
1089 11.0099
1090 10.9766
1091 11.0756
1092 11.4454
1093 10.9878
1094 11.0086
1095 10.9785
1096 11.104
1097 11.3218
1098 11.3163
1099 11.0128
1100 11.0937
1101 11.1497
1102 11.219
1103 11.3691
1104 11.0991
1105 11.8225
1106 11.6525
1107 11.4312
1108 11.1101
1109 11.4667
1110 10.7214
1111 10.7401
1112 11.0069
1113 10.7467
1114 10.7372
1115 10.829
1116 11.2748
1117 11
1118 10.9502
1119 10.8391
1120 10.9547
1121 10.7408
1122 10.5538
1123 10.6737
1124 10.9671
1125 10.8609
1126 11.2316
1127 11.041
1128 11.7053
1129 11.3336
1130 10.9385
1131 11.4763
1132 11.3392
1133 11.5795
1134 11.3254
1135 10.9968
1136 11.0813
1137 11.0616
1138 11.2111
1139 11.1945
1140 11.2563
1141 11.3028
1142 11.1679
1143 10.9641
1144 11.4588
1145 11.7785
1146 12.2516
1147 11.7759
1148 11.6918
1149 11.9216
1150 12.042
1151 11.9207
1152 11.7271
1153 11.1497
1154 11.0812
1155 10.9081
1156 10.8981
1157 10.7885
1158 11.0464
1159 10.9228
1160 10.7843
1161 11.1425
1162 10.7856
1163 10.824
1164 10.9611
1165 11.2925
1166 11.4848
1167 11.3903
1168 11.2589
1169 11.7725
1170 11.8968
1171 11.213
1172 11.4486
1173 10.9726
1174 11.1299
1175 10.8927
1176 10.9381
1177 11.4523
1178 11.6893
1179 11.4247
1180 11.5557
1181 10.9023
1182 10.6438
1183 11.0358
1184 11.2901
1185 11.2802
1186 11.4011
1187 11.1622
1188 11.4692
1189 11.9531
1190 11.5063
1191 11.4985
1192 11.8866
1193 12.2752
1194 11.6232
1195 11.4112
1196 11.634
1197 11.7384
1198 11.411
1199 11.1866
1200 11.1375
1201 11.3839
1202 11.2633
1203 10.9949
1204 11.1454
1205 10.8164
1206 10.8183
1207 10.7631
1208 11.1151
1209 11.2847
1210 11.0283
1211 11.2172
1212 11.0938
1213 11.43
1214 10.9641
1215 10.7419
1216 11.2239
1217 11.2338
1218 11.5123
1219 11.7704
1220 12.0437
1221 12.2712
1222 11.8557
1223 11.4023
1224 12.0651
1225 12.0905
1226 11.602
1227 11.1497
1228 10.8911
1229 11.1774
1230 11.2288
1231 11.415
1232 11.3698
1233 10.914
1234 11.1122
1235 11.2541
1236 11.5072
1237 11.5687
1238 11.5606
1239 11.3815
1240 11.968
1241 11.622
1242 11.3648
1243 11.6747
1244 11.4176
1245 11.2149
1246 11.2449
1247 10.9463
1248 10.892
1249 10.6908
1250 10.9748
1251 10.6246
1252 10.7202
1253 10.9613
1254 10.9055
1255 10.8345
1256 11.0166
1257 10.808
1258 11.2614
1259 11.2287
1260 11.327
1261 11.4188
1262 11.1036
1263 11.5608
1264 11.3165
1265 11.5769
1266 11.2859
1267 11.2443
1268 10.9008
1269 11.1178
1270 11.1154
1271 11.002
1272 11.3116
1273 11.5535
1274 10.9655
1275 10.991
1276 10.8771
1277 10.9899
1278 11.3334
1279 11.1308
1280 11.4546
1281 11.4887
1282 11.1197
1283 11.2493
1284 11.0181
1285 10.9215
1286 11.4439
1287 11.1239
1288 11.0514
1289 11.1468
1290 10.9939
1291 11.5699
1292 11.3936
1293 11.2207
1294 11.1734
1295 11.484
1296 11.318
1297 11.1875
1298 11.439
1299 11.3826
1300 11.4597
1301 11.155
1302 11.4489
1303 11.1812
1304 11.0182
1305 11.1663
1306 10.9447
1307 11.3791
1308 10.743
1309 11.1315
1310 10.8155
1311 11.3377
1312 11.3418
1313 11.2498
1314 11.2427
1315 11.5436
1316 11.7969
1317 11.8786
1318 11.605
1319 11.877
1320 11.8509
1321 11.3572
1322 10.8631
1323 11.1381
1324 11.3339
1325 11.3472
1326 11.4823
1327 11.6217
1328 11.2457
1329 10.9115
1330 10.8761
1331 10.9899
1332 11.4908
1333 11.3496
1334 11.2876
1335 11.0387
1336 11.0004
1337 11.0972
1338 11.1677
1339 11.5121
1340 11.1849
1341 10.8818
1342 11.1884
1343 11.5883
1344 11.7926
1345 11.9228
1346 11.3364
1347 11.1134
1348 11.2821
1349 11.3417
1350 11.437
1351 11.6046
1352 11.3187
1353 11.5777
1354 11.729
1355 11.5183
1356 11.4957
1357 11.4251
1358 11.1089
1359 11.1899
1360 11.4623
1361 11.0815
1362 11.2491
1363 11.6022
1364 11.2993
1365 11.2774
1366 11.6433
1367 11.6009
1368 11.4343
1369 11.207
1370 11.1005
1371 10.8237
1372 11.2884
1373 11.2666
1374 11.1144
1375 11.6375
1376 11.3461
1377 11.1879
1378 11.1866
1379 11.1988
1380 11.3626
1381 11.4406
1382 11.1978
1383 11.0483
1384 11.5935
1385 11.2919
1386 11.0325
1387 11.3965
1388 10.9696
1389 11.0999
1390 10.8347
1391 10.9923
1392 11.3806
1393 11.4117
1394 11.388
1395 11.5545
1396 11.6043
1397 11.4901
1398 11.5606
1399 11.5361
1400 11.3806
1401 11.3576
1402 11.153
1403 11.1844
1404 11.445
1405 11.461
1406 11.8203
1407 11.5836
1408 11.3275
1409 11.5454
1410 11.559
1411 11.9307
1412 11.8893
1413 11.3729
1414 11.5403
1415 11.5361
1416 11.1657
1417 11.4231
1418 11.2334
1419 11.5211
1420 11.599
1421 11.5828
1422 11.9772
1423 12.1974
1424 12.0169
1425 11.9782
1426 11.5963
1427 11.5687
1428 11.4002
1429 11.9184
1430 11.7429
1431 11.3902
1432 12.0492
1433 11.972
1434 12.1307
1435 12.0451
1436 11.7633
1437 11.3938
1438 11.3376
1439 11.9539
1440 11.7684
1441 11.2219
1442 11.0227
1443 10.9788
1444 11.3494
1445 11.7823
1446 11.7245
1447 11.9035
1448 11.6724
1449 12.0329
1450 12.0862
1451 11.9469
1452 11.5193
1453 11.0402
1454 11.4498
1455 11.4879
1456 11.4223
1457 11.0213
1458 10.9758
1459 10.7773
1460 11.1754
1461 11.1909
1462 11.0289
1463 10.9485
1464 10.8212
1465 11.0065
1466 11.0165
1467 11.1215
1468 10.9083
1469 10.8608
1470 11.2868
1471 11.2001
1472 10.9673
1473 11.1433
1474 11.2531
1475 11.202
1476 10.8699
1477 10.9116
1478 10.8564
1479 10.8942
1480 10.6328
1481 11.0639
1482 11.1285
1483 11.7646
1484 11.2152
1485 11.0642
1486 11.4351
1487 11.5168
1488 11.1018
1489 10.9935
1490 11.2144
1491 11.4205
1492 11.8891
1493 11.9745
1494 11.5474
1495 11.0943
1496 10.8863
1497 11.5681
1498 10.9356
1499 11.3738
1500 11.4099
1501 11.5149
1502 11.2764
1503 11.7732
1504 11.6048
1505 11.2446
1506 11.3039
1507 11.1449
1508 11.4386
1509 11.5904
1510 11.2098
1511 11.3461
1512 11.2111
1513 10.9911
1514 10.8636
1515 11.0906
1516 10.8011
1517 10.9721
1518 10.6069
1519 10.9451
1520 11.1686
1521 11.1938
1522 10.8038
1523 10.935
1524 11.3461
1525 10.9796
1526 11.1185
1527 11.0604
1528 10.943
1529 11.5525
1530 11.8093
1531 11.9067
1532 11.7464
1533 11.8998
1534 11.1591
1535 11.1649
1536 11.2515
1537 11.0366
1538 11.1265
1539 11.1781
1540 11.4162
1541 10.9872
1542 10.946
1543 11.3668
1544 11.2937
1545 11.2496
1546 11.4861
1547 11.1753
1548 10.9376
1549 11.0064
1550 10.8
1551 10.9336
1552 10.8708
1553 10.8221
1554 10.9452
1555 11.1754
1556 11.3586
1557 11.013
1558 10.8731
1559 10.9405
1560 10.9587
1561 11.1621
1562 10.9911
1563 10.73
1564 11.1558
1565 11.1156
1566 11.0155
1567 11.0567
1568 10.8391
1569 11.0178
1570 10.9504
1571 11.0082
1572 11.5408
1573 11.4725
1574 11.6425
1575 11.8378
1576 12.0684
1577 11.857
1578 12.1548
1579 11.5064
1580 11.3286
1581 11.3014
1582 11.3122
1583 10.889
1584 10.5679
1585 10.527
1586 10.8566
1587 10.8192
1588 11.0303
1589 11.0543
1590 11.1318
1591 11.3145
1592 11.2395
1593 11.4137
1594 11.0228
1595 11.1179
1596 11.1106
1597 11.434
1598 11.6114
1599 11.2631
1600 10.7561
1601 10.9617
1602 10.6846
1603 11.0057
1604 10.7634
1605 11.0871
1606 11.2216
1607 11.4919
1608 11.5383
1609 11.3807
1610 12.1684
1611 11.7874
1612 11.1883
1613 11.1129
1614 11.234
1615 11.5015
1616 11.0995
1617 11.1669
1618 11.2408
1619 11.2831
1620 11.1927
1621 11.4326
1622 11.3446
1623 11.2058
1624 11.4664
1625 11.3871
1626 11.0052
1627 10.7058
1628 10.9958
1629 11.1495
1630 11.4043
1631 11.2225
1632 11.0981
1633 11.407
1634 11.3918
1635 11.521
1636 11.7604
1637 11.8468
1638 11.3185
1639 11.113
1640 10.7289
1641 10.8969
1642 10.7408
1643 10.839
1644 10.6346
1645 10.768
1646 11.1406
1647 10.7433
1648 10.7828
1649 10.9222
1650 10.8909
1651 10.6853
1652 10.9754
1653 11.1145
1654 11.439
1655 11.3474
1656 11.0902
1657 11.2442
1658 11.4338
1659 11.817
1660 11.8355
1661 11.7201
1662 11.6364
1663 11.5472
1664 11.591
1665 11.5114
1666 11.6913
1667 11.1135
1668 10.872
1669 11.8684
1670 11.4693
1671 11.8362
1672 11.6322
1673 11.9965
1674 11.7606
1675 11.79
1676 11.3328
1677 11.6158
1678 11.5073
1679 10.8128
1680 10.6795
1681 11.2302
1682 11.5102
1683 11.8776
1684 11.0921
1685 11.1889
1686 11.3317
1687 11.8295
1688 11.8631
1689 11.9301
1690 11.8561
1691 11.4597
1692 11.4661
1693 11.1742
1694 11.1601
1695 10.6649
1696 10.6554
1697 10.7492
1698 10.9451
1699 11.1505
1700 11.7769
1701 11.7989
1702 10.8156
1703 10.6525
1704 11.3454
1705 11.4596
1706 11.2311
1707 11.1809
1708 11.3511
1709 11.3383
1710 11.2846
1711 11.7497
1712 11.6495
1713 11.5617
1714 11.5478
1715 11.9344
1716 11.975
1717 11.4923
1718 11.6886
1719 11.3229
1720 11.5638
1721 11.7265
1722 11.6473
1723 11.8569
1724 11.2807
1725 11.1697
1726 11.136
1727 11.3667
1728 11.6388
1729 11.4569
1730 11.1696
1731 11.3002
1732 11.273
1733 11.3179
1734 11.5765
1735 11.2223
1736 10.9211
1737 11.2797
1738 11.1673
1739 11.4652
1740 11.3671
1741 11.7492
1742 11.5107
1743 11.5235
1744 11.4849
1745 11.2208
1746 11.133
1747 10.6842
1748 10.7835
1749 10.8981
1750 10.7433
1751 10.9211
1752 11.0413
1753 10.7981
1754 11.0107
1755 10.9668
1756 11.3979
1757 11.0764
1758 11.2613
1759 11.4537
1760 11.824
1761 11.6676
1762 11.2369
1763 11.2645
1764 11.3205
1765 11.0198
1766 10.9683
1767 10.9236
1768 10.9476
1769 11.1739
1770 11.2849
1771 11.4209
1772 11.2711
1773 11.2465
1774 11.2083
1775 11.1652
1776 11.3412
1777 11.1235
1778 10.8647
1779 10.8678
1780 10.826
1781 11.1792
1782 11.2837
1783 11.6615
1784 11.461
1785 11.0144
1786 10.8069
1787 10.9253
1788 10.899
1789 11.1359
1790 11.113
1791 11.0917
1792 11.5829
1793 11.3163
1794 11.0247
1795 11.0849
1796 11.1863
1797 11.1133
1798 11.3877
1799 11.1953
1800 11.0859
1801 11.082
1802 11.8007
1803 11.4185
1804 11.4944
1805 11.3236
1806 11.1735
1807 11.5953
1808 11.5711
1809 11.0021
1810 11.3334
1811 11.0651
1812 10.7943
1813 10.9279
1814 10.8915
1815 11.0883
1816 10.9905
1817 11.4722
1818 11.2255
1819 10.8102
1820 10.9906
1821 11.0398
1822 10.9817
1823 11.0637
1824 11.0956
1825 11.2363
1826 11.2389
1827 10.9669
1828 11.3349
1829 11.2712
1830 11.0448
1831 11.3035
1832 11.2282
1833 11.6786
1834 11.61
1835 12.2799
1836 12.6272
1837 12.1506
1838 11.9666
1839 11.9523
1840 11.4955
1841 11.5139
1842 11.2879
1843 11.3238
1844 11.1361
1845 11.0702
1846 11.1368
1847 11.2845
1848 10.9564
1849 10.7957
1850 10.527
1851 10.5928
1852 11.034
1853 10.8512
1854 10.9568
1855 10.9884
1856 11.2251
1857 11.1309
1858 11.0293
1859 10.6637
1860 10.968
1861 11.007
1862 10.605
1863 10.7957
1864 11.0097
1865 11.1548
1866 11.184
1867 11.35
1868 11.4659
1869 11.6299
1870 11.5968
1871 11.49
1872 11.0464
1873 11.0486
1874 11.1768
1875 10.9615
1876 11.1793
1877 11.0496
1878 11.0176
1879 10.8963
1880 11.426
1881 10.9704
1882 11.269
1883 10.794
1884 10.9724
1885 10.8042
1886 11.1626
1887 11.0223
1888 11.5894
1889 11.789
1890 12.2499
1891 11.7265
1892 11.9222
1893 11.3338
1894 11.1787
1895 11.2964
1896 11.3018
1897 11.3846
1898 11.8325
1899 11.5699
1900 11.7379
1901 11.5251
1902 11.4872
1903 11.7503
1904 11.5505
1905 11.713
1906 11.5765
1907 11.4289
1908 11.2346
1909 11.2638
1910 10.9417
1911 11.1633
1912 10.835
1913 10.8015
1914 11.0113
1915 11.0021
1916 10.7828
1917 11.2315
1918 11.3501
1919 11.1804
1920 11.0832
1921 10.6809
1922 10.9929
1923 11.6436
1924 11.9025
1925 11.9087
1926 11.1612
1927 11.3626
1928 11.3946
1929 11.0176
1930 10.8782
1931 11.026
1932 11.1714
1933 11.5408
1934 11.2184
1935 11.3842
1936 10.872
1937 10.9122
1938 10.8771
1939 11.3164
1940 11.2362
1941 11.5275
1942 11.4675
1943 11.2637
1944 11.4073
1945 11.6734
1946 11.6834
1947 11.3087
1948 11.5879
1949 11.5617
1950 11.0285
1951 11.1102
1952 11.166
1953 11.2358
1954 10.9394
1955 11.1541
1956 10.9726
1957 11.0202
1958 10.9944
1959 10.5656
1960 10.7362
1961 10.7296
1962 10.9986
1963 10.9535
1964 11.2231
1965 11.5481
1966 10.7098
1967 10.77
1968 11.0697
1969 11.428
1970 11.4941
1971 11.2855
1972 11.2901
1973 11.6185
1974 11.4977
1975 11.4609
1976 11.3256
1977 11.2566
1978 10.9743
1979 10.6142
1980 10.7587
1981 10.8551
1982 10.7524
1983 11.1023
1984 10.8575
1985 10.6149
1986 11.2349
1987 10.9482
1988 10.9319
1989 10.9864
1990 10.904
1991 10.9591
1992 10.9917
1993 11.3129
1994 11.5134
1995 11.4591
1996 11.2408
1997 11.121
1998 11.572
1999 11.3026
2000 11.1441
