1 32.2935
2 30.3789
3 29.8468
4 29.5651
5 27.325
6 25.4499
7 24.6529
8 23.2455
9 22.5224
10 22.6108
11 22.8055
12 22.2119
13 20.6226
14 20.0555
15 20.7496
16 20.0616
17 19.279
18 19.1333
19 18.8312
20 19.087
21 18.721
22 18.6058
23 18.2852
24 18.1736
25 17.3865
26 17.4812
27 17.3074
28 16.8539
29 16.4148
30 16.6344
31 16.3528
32 16.4041
33 16.447
34 16.0295
35 15.6951
36 15.446
37 15.226
38 15.3232
39 15.1741
40 14.7598
41 14.7715
42 14.329
43 13.6222
44 13.6428
45 13.3407
46 13.1916
47 12.7493
48 12.9887
49 12.7057
50 13.0965
51 12.7675
52 12.5027
53 12.6751
54 12.8255
55 13.4243
56 13.598
57 13.4053
58 12.8971
59 13.5652
60 13.6882
61 13.5477
62 13.4279
63 13.2843
64 13.1812
65 12.6878
66 12.7187
67 12.6153
68 12.6589
69 12.9996
70 12.8083
71 12.6073
72 12.6972
73 12.8702
74 12.3091
75 12.2965
76 12.6779
77 12.7363
78 12.4811
79 13.4081
80 12.9298
81 13.0827
82 12.6841
83 12.823
84 12.3639
85 12.3737
86 12.1986
87 12.5707
88 12.409
89 12.5829
90 12.5055
91 12.7541
92 12.3314
93 12.774
94 12.6907
95 12.6865
96 12.3867
97 12.3833
98 11.8563
99 11.7224
100 12.006
101 11.6052
102 11.2537
103 11.0191
104 11.4873
105 11.3597
106 11.2305
107 11.3473
108 11.4627
109 11.4548
110 11.7821
111 11.7445
112 11.9799
113 12.0682
114 11.8474
115 11.133
116 11.6169
117 11.1405
118 11.4916
119 11.4922
120 11.3327
121 11.2451
122 11.7051
123 11.5115
124 11.8695
125 11.2642
126 11.3256
127 11.1548
128 11.3546
129 11.2312
130 11.766
131 12.2436
132 12.097
133 12.1104
134 12.0469
135 11.6154
136 12.231
137 11.9005
138 11.3609
139 11.3663
140 10.8563
141 11.2623
142 11.3262
143 11.149
144 11.2254
145 11.1579
146 11.072
147 10.9791
148 10.8579
149 11.461
150 11.5411
151 10.9465
152 11.0578
153 11.3119
154 11.703
155 11.5227
156 10.9887
157 10.9233
158 10.8904
159 10.6268
160 11.232
161 11.5954
162 11.4691
163 12.1956
164 12.1776
165 12.0934
166 11.858
167 11.6911
168 11.5334
169 11.3587
170 11.5597
171 11.7884
172 11.6373
173 11.547
174 11.5104
175 11.6116
176 12.076
177 12.2067
178 11.8614
179 11.8656
180 11.3327
181 11.4701
182 10.9207
183 10.5876
184 10.5529
185 10.9504
186 11.0935
187 11.0035
188 10.9795
189 11.12
190 11.6257
191 11.326
192 11.0483
193 11.0472
194 10.9172
195 10.9883
196 11.2
197 11.9575
198 12.0242
199 11.9296
200 11.6419
201 11.8472
202 11.8303
203 11.8453
204 12.1326
205 11.9948
206 11.9757
207 11.4464
208 11.4042
209 11.1816
210 11.1429
211 11.1216
212 11.278
213 11.1505
214 11.166
215 11.1756
216 11.4462
217 11.2361
218 11.5379
219 11.3389
220 10.8747
221 11.056
222 11.3232
223 11.4127
224 11.2907
225 11.0484
226 11.4237
227 11.62
228 11.3431
229 11.4143
230 11.6428
231 11.4593
232 11.7765
233 11.6418
234 11.6638
235 11.8315
236 12.1874
237 11.7695
238 11.461
239 11.1412
240 10.8243
241 10.7677
242 11.0401
243 11.5851
244 11.6069
245 11.5254
246 11.4834
247 11.664
248 11.378
249 11.0162
250 11.0147
251 10.941
252 11.258
253 11.4804
254 11.2745
255 11.2378
256 11.6063
257 11.1611
258 11.4806
259 11.4813
260 11.3726
261 11.7806
262 11.7193
263 11.5384
264 11.5733
265 11.2519
266 10.7482
267 10.9135
268 10.9717
269 10.6052
270 10.6847
271 10.697
272 10.6144
273 10.8576
274 10.857
275 11.0487
276 10.9497
277 10.919
278 11.155
279 11.3205
280 11.2068
281 11.0508
282 11.3854
283 11.0476
284 10.9612
285 11.3443
286 11.0061
287 11.1896
288 11.4048
289 11.2024
290 11.5394
291 11.3499
292 11.2214
293 11.6007
294 11.2481
295 11.0416
296 11.286
297 11.2629
298 11.4423
299 11.4916
300 10.9503
301 10.7958
302 11.3219
303 10.8178
304 10.6711
305 10.9719
306 11.0958
307 11.0595
308 11.1156
309 11.2932
310 11.2088
311 11.1632
312 11.2151
313 11.5306
314 10.9066
315 10.9502
316 11.03
317 11.2653
318 11.2063
319 11.0244
320 11.7101
321 11.1721
322 11.3531
323 11.8479
324 11.3999
325 11.8192
326 11.7082
327 11.294
328 11.5533
329 11.2621
330 11.2054
331 11.0104
332 11.0511
333 10.812
334 10.615
335 10.9425
336 11.2631
337 11.376
338 11.314
339 11.2459
340 10.9048
341 10.8543
342 10.9537
343 11.0226
344 11.4748
345 11.5487
346 11.189
347 10.8145
348 11.2114
349 11.4196
350 11.024
351 10.8598
352 10.6375
353 10.7468
354 10.712
355 10.8687
356 11.4704
357 11.5516
358 11.2653
359 11.2618
360 11.1668
361 11.6465
362 11.6817
363 11.3301
364 11.336
365 11.5775
366 11.1787
367 11.7535
368 11.988
369 11.4827
370 11.5221
371 11.6644
372 11.3051
373 11.1493
374 11.2639
375 11.2218
376 11.3189
377 11.7472
378 11.28
379 10.9635
380 11.0008
381 11.1673
382 11.0147
383 10.9748
384 11.4113
385 11.6352
386 11.6991
387 11.6411
388 11.8676
389 11.9365
390 12.0155
391 11.7213
392 11.9523
393 11.3061
394 11.0474
395 10.8489
396 11.0726
397 11.1368
398 11.0428
399 10.8007
400 10.7209
401 10.9619
402 10.91
403 10.8156
404 10.6519
405 10.5426
406 10.6844
407 11.0201
408 10.8831
409 10.7964
410 11.3021
411 10.9887
412 11.0967
413 11.3508
414 11.0197
415 11.0854
416 10.8891
417 10.9041
418 11.2652
419 11.1435
420 11.287
421 11.6312
422 11.6569
423 11.4482
424 11.3286
425 11.3911
426 11.3034
427 11.1688
428 11.5457
429 11.6798
430 11.8353
431 11.6918
432 11.8982
433 11.7358
434 11.1773
435 10.9237
436 11.1618
437 11.229
438 11.3346
439 10.9463
440 11.5296
441 11.7206
442 11.5817
443 11.0685
444 11.2229
445 11.2287
446 11.2751
447 11.5715
448 11.8037
449 11.965
450 12.0277
451 11.6807
452 11.2389
453 10.797
454 10.9257
455 11.0959
456 11.3696
457 11.5672
458 11.4808
459 11.4413
460 11.1477
461 11.4833
462 11.3273
463 11.1367
464 11.0874
465 10.982
466 11.3464
467 11.9251
468 11.4137
469 11.2519
470 11.3158
471 11.0382
472 10.8377
473 10.6511
474 10.9453
475 11.1185
476 11.1575
477 11.1056
478 10.7625
479 10.6818
480 11.1444
481 10.9824
482 11.09
483 11.0695
484 11.134
485 11.915
486 11.863
487 12.2856
488 11.2718
489 11.3246
490 12.0668
491 12.0495
492 11.96
493 11.5098
494 11.15
495 11.3259
496 11.6474
497 11.7912
498 11.2765
499 11.3922
500 11.4177
501 11.3189
502 11.4737
503 11.3986
504 11.7922
505 11.4234
506 11.109
507 11.0623
508 11.2522
509 11.374
510 11.1749
511 11.3466
512 11.1575
513 11.419
514 11.3777
515 10.8356
516 10.8377
517 11.2328
518 11.1592
519 11.3116
520 11.0906
521 11.3561
522 11.3849
523 11.8443
524 11.7037
525 11.7842
526 12.974
527 12.6298
528 12.3887
529 11.5209
530 11.5441
531 11.0039
532 11.1053
533 10.9702
534 11.3841
535 11.4707
536 11.2012
537 11.6369
538 11.5555
539 11.495
540 11.1619
541 12.1196
542 11.909
543 11.9105
544 11.906
545 11.859
546 11.9233
547 12.0763
548 12.4985
549 12.2775
550 11.9618
551 11.6524
552 11.9409
553 12.3152
554 12.42
555 12.5023
556 11.9549
557 11.8117
558 11.2043
559 11.2901
560 11.4863
561 11.4719
562 11.1891
563 11.3288
564 11.3132
565 11.5778
566 11.4802
567 11.1851
568 11.5106
569 11.9516
570 11.8047
571 11.3622
572 11.2522
573 11.2524
574 11.4369
575 11.6004
576 11.4229
577 11.1722
578 11.4973
579 11.5598
580 11.3662
581 11.5167
582 11.2499
583 10.7946
584 11.2429
585 11.3754
586 11.1984
587 11.5009
588 11.2799
589 11.1249
590 10.5846
591 10.5343
592 10.5965
593 10.7422
594 10.6059
595 10.7967
596 10.5519
597 10.9945
598 11.626
599 11.2936
600 11.235
601 11.3413
602 11.5352
603 11.24
604 11.073
605 10.9194
606 11.3492
607 11.4173
608 11.5123
609 11.5298
610 11.2398
611 11.3726
612 11.1493
613 11.3774
614 11.9065
615 11.3194
616 11.2648
617 11.3065
618 10.816
619 10.9008
620 11.221
621 11.2855
622 11.111
623 11.1268
624 11.3516
625 11.4605
626 11.7809
627 11.4034
628 11.4982
629 11.5573
630 11.5661
631 11.767
632 11.4172
633 11.7441
634 12.0932
635 11.4468
636 11.5859
637 10.9802
638 10.9364
639 10.7712
640 11.278
641 11.2174
642 11.1424
643 11.3419
644 11.1956
645 11.1226
646 11.6479
647 11.6703
648 11.4531
649 11.505
650 11.7028
651 11.8983
652 11.5997
653 11.199
654 11.5082
655 11.5872
656 11.3895
657 11.6164
658 11.6261
659 11.2017
660 10.938
661 10.808
662 11.2492
663 10.7797
664 10.7465
665 11.0065
666 11.3571
667 11.0445
668 11.164
669 11.5621
670 11.8656
671 11.5682
672 11.2498
673 11.1043
674 11.065
675 11.3573
676 11.335
677 11.5343
678 11.4079
679 11.5878
680 11.0713
681 11.3825
682 11.5507
683 11.7558
684 11.656
685 11.0732
686 10.8321
687 10.8481
688 10.8656
689 10.7241
690 10.8213
691 10.9223
692 11.2807
693 11.1929
694 11.7688
695 11.5543
696 11.3009
697 11.2593
698 11.8517
699 11.5242
700 11.8718
701 11.2435
702 11.2231
703 11.4264
704 11.295
705 10.9445
706 10.9831
707 11.0923
708 11.2373
709 11.6234
710 11.1621
711 10.9252
712 11.1918
713 10.9864
714 10.9009
715 11.13
716 11.3046
717 11.3372
718 11.372
719 11.7545
720 11.7129
721 11.7527
722 11.6862
723 11.9075
724 11.7101
725 11.3245
726 11.0514
727 11.0842
728 11.4166
729 11.0122
730 11.3666
731 11.0876
732 11.2832
733 10.9292
734 11.2405
735 10.9658
736 11.0496
737 11.0964
738 11.0344
739 11.3809
740 11.4526
741 11.1946
742 10.93
743 11.4604
744 11.2626
745 11.1989
746 11.3267
747 11.2528
748 10.7151
749 10.8702
750 11.3337
751 11.2938
752 11.2798
753 10.8855
754 11.1433
755 11.0287
756 11.1113
757 10.9471
758 10.992
759 10.923
760 10.9245
761 10.8777
762 10.777
763 10.7464
764 10.9361
765 11.4034
766 11.7577
767 11.3613
768 11.5148
769 10.9815
770 11.4523
771 11.3227
772 11.424
773 11.2596
774 11.504
775 11.6378
776 11.6943
777 11.66
778 11.2769
779 11.1936
780 11.1828
781 10.8015
782 10.5889
783 10.7028
784 10.619
785 11.0364
786 11.5382
787 11.1785
788 11.3679
789 11.2462
790 11.0397
791 11.4725
792 10.8522
793 11.0774
794 11.3568
795 11.5239
796 11.609
797 11.3988
798 11.1882
799 11.4112
800 11.5937
801 11.4587
802 11.1176
803 10.6738
804 11.0271
805 11.114
806 10.962
807 11.3399
808 11.0743
809 11.2822
810 11.0287
811 10.8777
812 11.1032
813 10.8923
814 10.7789
815 10.8673
816 11.1098
817 11.2132
818 11.2046
819 11.002
820 10.915
821 11.3811
822 11.5395
823 11.2922
824 10.7757
825 10.8735
826 10.9319
827 11.3826
828 11.0796
829 10.9812
830 11.1089
831 11.5604
832 11.8494
833 11.762
834 12.0449
835 11.9801
836 12.2343
837 11.6143
838 11.2577
839 11.0822
840 11.0846
841 11.79
842 11.5074
843 11.4152
844 11.3074
845 11.1536
846 11.2223
847 11.0835
848 10.8237
849 10.8772
850 10.8456
851 10.6034
852 10.6744
853 11.2229
854 11.2432
855 11.1837
856 10.8556
857 10.622
858 10.719
859 10.8819
860 11.0752
861 11.1289
862 11.6132
863 11.5212
864 11.458
865 11.8265
866 11.7007
867 11.5762
868 11.4312
869 11.0629
870 10.9267
871 11.1195
872 11.0377
873 10.8451
874 10.5918
875 11.3166
876 11.5357
877 11.0583
878 11.1623
879 11.12
880 11.527
881 11.1862
882 11.0423
883 11.1774
884 10.906
885 11.092
886 10.7857
887 11.4794
888 11.1611
889 11.4283
890 11.3334
891 11.2441
892 11.4048
893 11.799
894 11.6105
895 11.1721
896 11.1804
897 11.3089
898 11.6145
899 11.3689
900 10.9678
901 11.2856
902 11.0727
903 11.0354
904 11.4758
905 11.3461
906 11.4107
907 11.4951
908 11.7398
909 11.9576
910 11.9022
911 11.6728
912 11.5865
913 11.8906
914 11.913
915 11.6498
916 11.8219
917 11.5266
918 11.4669
919 11.7998
920 11.8504
921 11.5083
922 11.3396
923 11.4346
924 11.116
925 10.962
926 11.0787
927 11.0355
928 10.9361
929 11.3442
930 11.6359
931 11.9564
932 11.6036
933 11.3433
934 11.289
935 11.6202
936 11.4698
937 11.9107
938 11.5012
939 11.3365
940 11.3144
941 11.0894
942 10.9686
943 10.9457
944 10.9724
945 11.4407
946 11.3377
947 11.2603
948 11.1072
949 11.0721
950 11.4001
951 10.8349
952 10.8121
953 11.1881
954 11.7913
955 11.5574
956 11.5892
957 11.1257
958 11.0383
959 11.1343
960 11.1088
961 10.9291
962 11.4161
963 11.4348
964 11.3037
965 11.2248
966 11.2082
967 11.2105
968 11.3176
969 11.2895
970 11.2933
971 11.4151
972 11.0672
973 11.1824
974 11.5418
975 10.8334
976 10.8278
977 11.1674
978 11.0983
979 11.1238
980 11.2456
981 11.382
982 11.3755
983 11.5164
984 11.3628
985 11.2795
986 11.0083
987 10.9064
988 10.5798
989 10.6034
990 10.9418
991 11.148
992 11.4635
993 11.5819
994 11.2618
995 11.4502
996 11.5203
997 11.5122
998 11.7233
999 11.749
1000 11.7446
1001 11.1046
1002 11.478
1003 11.6513
1004 11.4971
1005 11.2825
1006 11.0435
1007 11.1149
1008 11.1384
1009 10.9588
1010 11.0702
1011 11.337
1012 11.4984
1013 11.4429
1014 11.3887
1015 11.158
1016 11.0623
1017 11.0639
1018 11.326
1019 10.9509
1020 10.944
1021 11.0638
1022 11.3945
1023 11.5142
1024 11.3327
1025 11.1791
1026 10.7743
1027 10.8488
1028 11.1407
1029 11.6121
1030 11.1325
1031 11.1495
1032 11.1407
1033 11.2314
1034 11.221
1035 11.2602
1036 11.2734
1037 11.0842
1038 11.223
1039 11.3649
1040 11.3499
1041 10.8099
1042 10.8649
1043 11.1967
1044 11.1353
1045 11.0015
1046 11.0808
1047 10.892
1048 11.2328
1049 11.5088
1050 10.8961
1051 11.2353
1052 11.2544
1053 11.2311
1054 11.1808
1055 10.9837
1056 11.3877
1057 11.4066
1058 11.5428
1059 11.371
1060 11.1203
1061 11.0744
1062 10.9503
1063 10.9267
1064 11.1015
1065 10.9507
1066 10.6173
1067 10.8791
1068 11.5078
1069 11.4443
1070 11.2592
1071 11.08
1072 11.4512
1073 11.0959
1074 11.1905
1075 11.4501
1076 11.1978
1077 10.9741
1078 11.1249
1079 11.2417
1080 11.5169
1081 11.4014
1082 11.6167
1083 11.5341
1084 11.8734
1085 11.506
1086 11.4137
1087 11.3565
1088 11.0469
1089 10.5813
1090 10.8053
1091 10.6959
1092 10.8417
1093 11.0184
1094 11.2903
1095 11.7157
1096 11.399
1097 11.263
1098 11.2935
1099 11.0815
1100 10.8497
1101 11.3184
1102 11.6199
1103 11.2617
1104 11.307
1105 11.2154
1106 11.2707
1107 11.3922
1108 11.4059
1109 11.4679
1110 10.9066
1111 11.3229
1112 11.4582
1113 11.2155
1114 11.5259
1115 11.8932
1116 11.2563
1117 11.2282
1118 10.9367
1119 10.8083
1120 10.906
1121 11.1752
1122 11.3226
1123 10.9342
1124 10.7735
1125 10.732
1126 10.8569
1127 11.3956
1128 11.1602
1129 11.4152
1130 11.2909
1131 11.8284
1132 11.5726
1133 11.8454
1134 11.8728
1135 11.775
1136 11.4608
1137 10.7773
1138 11.0089
1139 10.8958
1140 10.8405
1141 10.661
1142 10.991
1143 11.6504
1144 11.301
1145 11.1947
1146 10.804
1147 10.7247
1148 10.884
1149 11.3514
1150 11.054
1151 11.1707
1152 10.992
1153 11.0137
1154 11.281
1155 11.216
1156 11.543
1157 11.093
1158 11.1129
1159 11.329
1160 11.4327
1161 11.3519
1162 11.3982
1163 11.6545
1164 11.3255
1165 10.826
1166 10.8302
1167 10.9877
1168 11.1711
1169 11.3249
1170 11.6627
1171 11.3528
1172 11.0868
1173 10.6259
1174 10.5863
1175 10.9827
1176 10.9141
1177 11.2078
1178 11.0074
1179 11.2061
1180 11.3411
1181 11.2452
1182 10.8488
1183 11.4327
1184 11.4116
1185 11.7741
1186 12.09
1187 11.8637
1188 11.6756
1189 12.1902
1190 11.8456
1191 11.4845
1192 11.0656
1193 11.3473
1194 10.9588
1195 11.119
1196 10.9258
1197 10.7524
1198 10.8159
1199 11.0534
1200 11.0568
1201 11.1732
1202 11.0207
1203 11.2621
1204 11.5921
1205 12.2767
1206 11.5573
1207 11.721
1208 11.1441
1209 11.2137
1210 11.2551
1211 11.5243
1212 11.1573
1213 11.5246
1214 11.1881
1215 11.1749
1216 11.0421
1217 11.2451
1218 11.2358
1219 11.1898
1220 11.1313
1221 11.1017
1222 11.1527
1223 10.9014
1224 10.8167
1225 10.8322
1226 10.8106
1227 10.7772
1228 10.6145
1229 10.7163
1230 10.556
1231 10.527
1232 11.1869
1233 11.3163
1234 11.4697
1235 11.2458
1236 11.176
1237 10.9226
1238 10.6853
1239 10.9428
1240 10.9525
1241 11.2644
1242 11.8339
1243 11.5765
1244 11.3971
1245 10.9842
1246 10.9028
1247 10.5725
1248 11.0553
1249 11.0192
1250 11.2503
1251 11.5762
1252 11.2938
1253 10.9226
1254 10.9351
1255 11.0144
1256 11.3172
1257 11.7031
1258 11.8979
1259 11.1289
1260 11.7341
1261 11.5206
1262 11.3204
1263 11.6831
1264 11.6456
1265 11.3377
1266 11.0062
1267 10.892
1268 11.2018
1269 10.8799
1270 11.1985
1271 11.4594
1272 11.2411
1273 11.6008
1274 11.6118
1275 11.6764
1276 11.4303
1277 11.3151
1278 11.2417
1279 11.5759
1280 10.6958
1281 11.1722
1282 11.1461
1283 11.4446
1284 11.1629
1285 11.4122
1286 11.4603
1287 11.7913
1288 11.094
1289 11.8102
1290 11.0723
1291 11.2143
1292 11.1918
1293 11.2978
1294 11.3755
1295 11.2463
1296 10.8797
1297 10.9771
1298 10.9162
1299 10.8557
1300 10.9651
1301 11.2229
1302 11.3892
1303 10.8523
1304 10.9634
1305 11.4484
1306 11.2939
1307 11.2304
1308 11.0367
1309 10.6968
1310 11.0131
1311 11.0796
1312 11.1467
1313 11.1013
1314 10.9468
1315 11.5821
1316 10.9301
1317 11.0395
1318 10.6788
1319 10.6416
1320 10.9839
1321 11.2747
1322 11.4082
1323 11.8825
1324 11.4696
1325 11.1305
1326 11.124
1327 11.3595
1328 11.1309
1329 11.3287
1330 11.0294
1331 11.9074
1332 11.7378
1333 11.0098
1334 11.2968
1335 11.1977
1336 11.0343
1337 10.694
1338 10.8479
1339 11.0085
1340 11.3651
1341 11.6622
1342 11.6764
1343 11.9569
1344 11.8167
1345 11.8375
1346 12.0749
1347 12.0456
1348 11.904
1349 11.3308
1350 11.4687
1351 11.4359
1352 11.6071
1353 11.5821
1354 11.5777
1355 11.4149
1356 11.4143
1357 11.2631
1358 11.825
1359 11.8438
1360 12.1552
1361 11.5932
1362 11.2789
1363 11.5305
1364 11.1002
1365 11.1646
1366 11.1701
1367 11.4773
1368 11.4363
1369 11.3366
1370 11.8094
1371 11.1
1372 11.0922
1373 11.0946
1374 10.9974
1375 11.3703
1376 11.0614
1377 11.3451
1378 11.4498
1379 11.3492
1380 11.2518
1381 11.0691
1382 10.7081
1383 10.7594
1384 10.7411
1385 10.5643
1386 10.5332
1387 10.6225
1388 10.648
1389 10.8541
1390 11.0081
1391 11.0005
1392 10.9433
1393 10.6858
1394 11.2057
1395 11.6667
1396 11.2967
1397 11.2599
1398 11.1076
1399 10.7867
1400 10.7076
1401 10.6934
1402 11.6693
1403 11.4677
1404 11.2841
1405 11.013
1406 11.0437
1407 11.1137
1408 10.9038
1409 10.653
1410 10.7201
1411 11.0515
1412 10.7103
1413 10.803
1414 10.9174
1415 11.0298
1416 10.874
1417 10.6814
1418 11.2201
1419 11.219
1420 11.0556
1421 11.1999
1422 11.4353
1423 11.2026
1424 10.8682
1425 11.4957
1426 11.4393
1427 11.4179
1428 11.1181
1429 11.0231
1430 11.2489
1431 11.5474
1432 11.8391
1433 11.0961
1434 11.1605
1435 11.1594
1436 11.2657
1437 11.2956
1438 11.2
1439 10.8409
1440 11.1076
1441 10.6008
1442 11.1551
1443 11.3244
1444 11.2905
1445 11.3899
1446 11.7061
1447 11.7731
1448 11.2534
1449 11.7209
1450 11.6437
1451 11.6079
1452 11.6842
1453 11.5953
1454 12.1498
1455 11.8645
1456 12.5076
1457 11.9637
1458 11.6499
1459 11.3418
1460 11.4666
1461 11.5372
1462 11.3614
1463 11.404
1464 11.4122
1465 11.6198
1466 11.7686
1467 11.6173
1468 11.3927
1469 11.4775
1470 11.0588
1471 11.256
1472 11.5347
1473 11.7091
1474 11.7511
1475 11.2881
1476 11.2881
1477 11.3367
1478 11.2989
1479 11.2436
1480 11.877
1481 11.4843
1482 11.1055
1483 10.9185
1484 11.2404
1485 11.3532
1486 11.586
1487 11.2573
1488 11.3178
1489 11.3229
1490 11.3667
1491 11.212
1492 11.8102
1493 10.9531
1494 10.8411
1495 10.9828
1496 11.0565
1497 10.935
1498 11.0617
1499 10.7506
1500 10.9232
1501 11.1731
1502 11.6002
1503 11.5041
1504 11.5165
1505 11.3769
1506 11.676
1507 11.4403
1508 11.4582
1509 11.4183
1510 11.3844
1511 11.3725
1512 11.1322
1513 11.4281
1514 11.5506
1515 11.3988
1516 11.2147
1517 11.4478
1518 10.9135
1519 10.98
1520 11.2633
1521 11.0981
1522 11.4043
1523 11.379
1524 11.3281
1525 11.2538
1526 11.3462
1527 11.3402
1528 11.1904
1529 11.0985
1530 11.0014
1531 11.2281
1532 10.6244
1533 11.3599
1534 11.5248
1535 11.2975
1536 10.8183
1537 10.8688
1538 11.1833
1539 11.3925
1540 11.2018
1541 11.0599
1542 10.8644
1543 10.6535
1544 10.7733
1545 10.6606
1546 10.6072
1547 10.859
1548 10.8796
1549 10.801
1550 10.9555
1551 10.9777
1552 10.9991
1553 11.3362
1554 11.6189
1555 11.8678
1556 12.283
1557 12.9924
1558 12.2092
1559 11.9425
1560 11.9974
1561 12.3004
1562 12.6972
1563 12.8105
1564 12.516
1565 12.2537
1566 12.0101
1567 11.7869
1568 11.9559
1569 11.5587
1570 11.4894
1571 11.6382
1572 11.306
1573 11.4001
1574 11.3003
1575 11.7914
1576 11.8276
1577 11.6354
1578 11.2392
1579 11.2683
1580 10.9454
1581 11.0066
1582 11.2697
1583 11.4869
1584 11.7122
1585 11.7385
1586 10.9058
1587 10.9413
1588 11.3105
1589 11.548
1590 11.6692
1591 11.5431
1592 11.3298
1593 11.4458
1594 11.4435
1595 11.583
1596 11.5503
1597 11.679
1598 11.4959
1599 11.4322
1600 11.1565
1601 10.8235
1602 11.1818
1603 11.5246
1604 11.1131
1605 11.6266
1606 11.2012
1607 11.4486
1608 11.4896
1609 11.4615
1610 11.0858
1611 11.1633
1612 10.9319
1613 11.3312
1614 11.0611
1615 11.1075
1616 11.2378
1617 11.4693
1618 11.4507
1619 10.7798
1620 10.9997
1621 10.8997
1622 11.1175
1623 11.0225
1624 11.2209
1625 11.3906
1626 11.1331
1627 10.9991
1628 10.6723
1629 11.2515
1630 11.4452
1631 10.9776
1632 11.4775
1633 11.1022
1634 10.8744
1635 11.2981
1636 11.5135
1637 11.7541
1638 11.4441
1639 11.3696
1640 11.1225
1641 10.9701
1642 11.1922
1643 10.8311
1644 11.2401
1645 11.0727
1646 10.9544
1647 11.08
1648 11.1303
1649 11.0493
1650 10.9876
1651 11.3142
1652 10.9099
1653 10.8582
1654 11.1354
1655 11.1136
1656 10.9354
1657 10.9006
1658 11.0579
1659 11.0639
1660 11.4156
1661 11.8211
1662 11.7025
1663 11.4405
1664 11.9701
1665 11.871
1666 11.9714
1667 11.5341
1668 11.0959
1669 11.397
1670 11.3524
1671 11.3939
1672 11.2749
1673 11.5538
1674 11.5328
1675 11.2887
1676 11.9309
1677 11.7035
1678 11.5764
1679 11.2588
1680 11.4738
1681 11.162
1682 10.7449
1683 10.8582
1684 10.6793
1685 10.6325
1686 10.9869
1687 11.0006
1688 10.9024
1689 11.0251
1690 11.5318
1691 11.3525
1692 10.9704
1693 11.297
1694 11.0318
1695 11.2329
1696 11.2226
1697 11.3298
1698 11.6432
1699 11.2118
1700 11.1593
1701 10.9901
1702 11.295
1703 10.9653
1704 11.1837
1705 10.7937
1706 11.1105
1707 11.0269
1708 11.2014
1709 11.5274
1710 11.1769
1711 11.2819
1712 11.145
1713 11.007
1714 11.645
1715 11.4689
1716 11.1195
1717 11.238
1718 11.5592
1719 11.8375
1720 11.8292
1721 11.7078
1722 12.1015
1723 11.9435
1724 11.8813
1725 11.9
1726 11.1866
1727 11.3197
1728 11.3237
1729 11.5952
1730 11.1905
1731 11.5929
1732 11.2413
1733 11.3605
1734 11.3733
1735 11.5089
1736 11.4204
1737 11.688
1738 11.4099
1739 11.4948
1740 12.0881
1741 12.1706
1742 11.8667
1743 11.6843
1744 12.0663
1745 11.6486
1746 11.1745
1747 11.0479
1748 11.3458
1749 11.1659
1750 11.6219
1751 11.5395
1752 11.2579
1753 11.2689
1754 11.2553
1755 11.3309
1756 11.8381
1757 12.1653
1758 11.9572
1759 12.1106
1760 12.1617
1761 11.7387
1762 11.4473
1763 10.9799
1764 11.1583
1765 10.9258
1766 11.087
1767 10.9603
1768 11.3322
1769 11.2096
1770 11.4069
1771 11.3642
1772 11.7471
1773 11.2525
1774 11.0231
1775 11.4691
1776 11.487
1777 11.788
1778 11.5476
1779 11.6091
1780 11.606
1781 11.3308
1782 11.3816
1783 11.156
1784 11.0902
1785 11.3016
1786 12.2237
1787 11.4705
1788 11.7415
1789 11.2661
1790 11.165
1791 10.8692
1792 10.9584
1793 10.8986
1794 11.134
1795 10.7273
1796 10.8175
1797 10.7761
1798 11.0231
1799 11.4427
1800 11.2608
1801 11.0701
1802 10.9652
1803 11.1866
1804 10.9367
1805 10.9361
1806 11.3996
1807 11.4142
1808 11.3008
1809 10.9892
1810 11.059
1811 11.3709
1812 11.3622
1813 11.2824
1814 11.1001
1815 11.6241
1816 11.4354
1817 11.2783
1818 11.0787
1819 11.6149
1820 11.3587
1821 11.4209
1822 11.1537
1823 11.4918
1824 11.2913
1825 11.5088
1826 11.2617
1827 11.1521
1828 11.3311
1829 11.4522
1830 11.181
1831 11.3324
1832 11.1631
1833 11.1267
1834 10.8638
1835 11.4066
1836 10.8628
1837 10.7795
1838 10.6319
1839 10.9123
1840 11.1071
1841 11.2899
1842 10.936
1843 11.722
1844 12.0399
1845 11.9088
1846 11.7147
1847 11.7133
1848 11.3813
1849 11.5325
1850 11.169
1851 11.172
1852 11.296
1853 11.3286
1854 11.5431
1855 11.3927
1856 11.4687
1857 11.3387
1858 11.1028
1859 11.5084
1860 11.436
1861 11.2123
1862 10.961
1863 11.0659
1864 11.3788
1865 10.8777
1866 11.0364
1867 10.7957
1868 10.7608
1869 11.042
1870 10.7885
1871 10.7393
1872 11.1704
1873 11.1698
1874 11.1183
1875 10.78
1876 10.557
1877 10.8145
1878 11.125
1879 11.3202
1880 11.3653
1881 11.1274
1882 11.2482
1883 11.0209
1884 11.2064
1885 10.9681
1886 11.3974
1887 11.2403
1888 12.0222
1889 11.3753
1890 11.3593
1891 11.0727
1892 11.4139
1893 11.7267
1894 11.9279
1895 12.317
1896 11.5992
1897 11.2685
1898 11.2075
1899 11.272
1900 11.4655
1901 11.3978
1902 11.254
1903 11.4868
1904 11.3762
1905 11.3537
1906 10.9919
1907 11.0171
1908 11.7387
1909 11.594
1910 11.6323
1911 12.2049
1912 12.291
1913 11.8716
1914 11.7975
1915 11.883
1916 11.1679
1917 11.2546
1918 11.4833
1919 11.5119
1920 11.8528
1921 11.9267
1922 11.0458
1923 11.5513
1924 11.5834
1925 11.2696
1926 11.1747
1927 11.8104
1928 11.9981
1929 11.8678
1930 11.8581
1931 11.7172
1932 11.9976
1933 11.2726
1934 11.6201
1935 11.884
1936 12.0902
1937 12.1839
1938 11.8052
1939 11.7136
1940 11.4017
1941 11.3355
1942 11.0737
1943 11.3459
1944 11.4608
1945 11.773
1946 11.643
1947 11.5872
1948 11.4576
1949 11.5327
1950 11.3422
1951 11.3586
1952 11.2876
1953 11.3363
1954 11.7245
1955 11.6027
1956 11.7253
1957 11.705
1958 11.7919
1959 11.5252
1960 11.5355
1961 11.4627
1962 11.2371
1963 11.4071
1964 11.7905
1965 11.5596
1966 11.1323
1967 10.7782
1968 11.4135
1969 11.5762
1970 11.3828
1971 11.6441
1972 11.3703
1973 10.9474
1974 10.9022
1975 11.009
1976 10.8631
1977 10.9471
1978 10.7782
1979 10.8409
1980 11.0568
1981 11.3768
1982 11.6317
1983 11.5679
1984 11.6046
1985 10.8126
1986 10.949
1987 11.4922
1988 11.6455
1989 11.1308
1990 10.8429
1991 11.1476
1992 11.0341
1993 10.88
1994 10.8452
1995 11.0052
1996 11.1184
1997 11.3838
1998 10.8784
1999 10.8106
2000 10.8924
