1 31.5822
2 30.2098
3 27.6679
4 27.1451
5 26.0772
6 25.4484
7 24.5498
8 23.5694
9 23.1875
10 22.992
11 22.4488
12 22.3518
13 21.7724
14 21.4751
15 21.0886
16 20.9209
17 20.7389
18 20.772
19 20.819
20 20.5054
21 20.0431
22 19.3943
23 19.8081
24 19.2853
25 19.2345
26 19.2209
27 18.7697
28 18.9014
29 18.5131
30 18.0616
31 17.9072
32 18.0699
33 17.5417
34 17.2036
35 16.5588
36 16.5356
37 16.4639
38 16.648
39 16.2531
40 16.0137
41 15.9784
42 16.0632
43 15.772
44 15.5668
45 15.728
46 15.414
47 15.3673
48 15.5629
49 15.4172
50 15.2722
51 15.3356
52 15.9997
53 15.835
54 15.9676
55 16.201
56 16.0095
57 16.1383
58 16.1215
59 16.2405
60 16.8084
61 15.9861
62 15.2694
63 15.3181
64 15.4248
65 15.5544
66 15.7801
67 15.454
68 15.5259
69 15.1966
70 14.9562
71 14.6461
72 14.6015
73 14.3412
74 14.0713
75 13.5939
76 13.4447
77 13.6373
78 13.6672
79 13.765
80 13.6885
81 13.7604
82 13.4831
83 13.1942
84 13.2582
85 13.2641
86 13.4118
87 13.1878
88 12.9782
89 13.0159
90 13.2435
91 12.8327
92 12.929
93 12.6866
94 12.4096
95 12.2799
96 12.3051
97 12.5245
98 12.2336
99 12.3224
100 12.1531
101 12.5031
102 12.7249
103 12.4326
104 12.3469
105 11.9726
106 12.0134
107 11.7904
108 12.2167
109 12.4278
110 12.4767
111 12.3142
112 11.9078
113 11.8576
114 12.8225
115 12.7633
116 13.2857
117 13.1093
118 12.646
119 12.3132
120 12.3669
121 12.376
122 11.9464
123 12.3045
124 12.6476
125 12.6519
126 12.4391
127 12.4359
128 12.5671
129 13.0274
130 12.853
131 12.7982
132 13.061
133 12.9561
134 12.6591
135 12.5398
136 12.3377
137 12.4422
138 12.4721
139 12.3337
140 12.1762
141 12.3423
142 11.9659
143 12.0328
144 12.2733
145 12.0341
146 12.0718
147 12.1145
148 12.2807
149 12.5153
150 11.783
151 11.9713
152 11.939
153 11.921
154 11.9731
155 11.9407
156 12.2681
157 11.8926
158 11.8584
159 11.5748
160 11.7427
161 11.8116
162 12.0037
163 11.8301
164 11.8569
165 12.7671
166 12.0777
167 11.6475
168 11.8093
169 11.6246
170 11.7618
171 11.4382
172 11.3752
173 11.4743
174 11.1077
175 11.3874
176 11.665
177 11.5819
178 11.5107
179 11.7611
180 12.0502
181 11.5862
182 11.5406
183 11.8316
184 11.8576
185 11.5958
186 11.5532
187 11.5278
188 12.2205
189 12.5063
190 11.8191
191 11.7666
192 11.6592
193 11.075
194 11.3401
195 11.5191
196 11.1581
197 10.9903
198 10.8783
199 11.0983
200 11.0463
201 10.8959
202 10.7535
203 10.9767
204 11.4216
205 11.3022
206 10.6358
207 10.4956
208 10.6139
209 10.8983
210 10.9414
211 10.9551
212 10.7141
213 10.7615
214 10.6342
215 10.6688
216 10.6268
217 10.8019
218 10.768
219 11.4276
220 11.4901
221 10.929
222 11.151
223 10.9369
224 11.0836
225 11.4651
226 11.2005
227 11.5581
228 11.4282
229 11.4384
230 11.1221
231 10.7915
232 11.023
233 11.3412
234 11.1272
235 11.05
236 11.0017
237 11.1451
238 11.1661
239 11.3272
240 11.2579
241 11.2479
242 10.8045
243 10.841
244 11.0155
245 10.9982
246 10.9086
247 10.775
248 10.7665
249 10.9974
250 11.0617
251 11.0238
252 11.363
253 11.7635
254 11.0545
255 11.219
256 11.3315
257 11.1945
258 11.1896
259 11.1744
260 11.0477
261 11.2461
262 11.5305
263 11.6397
264 11.8233
265 11.5382
266 11.2824
267 11.1667
268 11.363
269 11.5485
270 11.3472
271 11.0307
272 10.9332
273 10.497
274 11.0287
275 11.3545
276 11.0663
277 10.9703
278 11.3527
279 11.3969
280 11.303
281 10.912
282 10.7532
283 11.2164
284 10.9105
285 11.0055
286 11.1005
287 11.0777
288 11.3487
289 11.136
290 10.7503
291 10.7873
292 10.7345
293 11.1106
294 11.1199
295 11.0764
296 10.8703
297 11.3669
298 11.8099
299 12.0224
300 11.999
301 11.6888
302 11.1098
303 11.1004
304 10.7193
305 11.1127
306 11.1516
307 10.8783
308 10.5319
309 10.7096
310 10.7365
311 10.8474
312 11.1197
313 10.7515
314 10.8458
315 10.8282
316 10.9819
317 11.1306
318 10.6875
319 10.8289
320 10.854
321 11.0451
322 10.7449
323 10.6165
324 10.8804
325 10.5227
326 10.7206
327 10.9666
328 10.8621
329 10.9367
330 10.97
331 10.8491
332 10.7964
333 11.639
334 11.6668
335 11.5549
336 11.5728
337 11.2928
338 11.2576
339 11.0577
340 11.5722
341 11.2216
342 10.8903
343 10.8016
344 11.0041
345 10.8045
346 10.874
347 11.0235
348 11.2835
349 11.4046
350 11.0557
351 11.0946
352 11.2163
353 11.2447
354 11.1357
355 11.2537
356 11.2476
357 11.1274
358 11.2777
359 11.2763
360 11.5286
361 10.9724
362 10.5992
363 11.3444
364 11.1089
365 11.2328
366 10.9428
367 10.7559
368 10.6742
369 11.0647
370 11.4271
371 11.3257
372 11.4037
373 10.9337
374 10.9979
375 11.3605
376 11.1695
377 11.4078
378 11.3477
379 11.4568
380 11.123
381 10.9136
382 11.304
383 11.0608
384 11.049
385 10.9461
386 11.2324
387 11.3486
388 11.0091
389 10.8867
390 11.0165
391 10.9116
392 11.0154
393 11.522
394 11.3024
395 11.4711
396 11.5713
397 10.8932
398 10.6267
399 11.1516
400 11.3025
401 11.3988
402 11.5555
403 11.5257
404 11.7897
405 11.573
406 11.5292
407 11.579
408 11.7141
409 11.2906
410 11.852
411 11.6068
412 10.9851
413 11.0503
414 10.9348
415 11.0203
416 10.5705
417 10.7327
418 10.7629
419 10.6798
420 11.0451
421 11.1673
422 11.2592
423 11.738
424 10.9462
425 11.1504
426 11.3138
427 11.3411
428 11.5767
429 11.1053
430 11.1418
431 10.975
432 10.7546
433 10.6982
434 10.5563
435 10.7359
436 10.8793
437 10.768
438 10.8309
439 11.0861
440 10.9593
441 10.7333
442 10.6921
443 10.8713
444 11.1685
445 11.1201
446 11.3663
447 10.9883
448 11.178
449 10.8075
450 10.6894
451 10.6367
452 10.5711
453 10.7215
454 10.7895
455 11.0215
456 11.0142
457 10.7283
458 10.9581
459 10.9928
460 11.101
461 11.3464
462 11.3775
463 10.9821
464 11.2202
465 11.2923
466 11.1493
467 10.9823
468 11.3457
469 11.5193
470 11.3027
471 11.1574
472 11.5581
473 11.4417
474 11.3425
475 11.2121
476 10.8298
477 10.5794
478 10.8404
479 11.5017
480 11.5996
481 11.3958
482 11.3326
483 11.1171
484 10.7425
485 10.8804
486 11.0552
487 10.8108
488 10.6858
489 10.8435
490 10.9911
491 10.7712
492 10.83
493 11.4312
494 10.8813
495 11.2832
496 11.3101
497 11.1591
498 11.0338
499 11.4255
500 11.7
501 11.4762
502 11.3174
503 11.3
504 11.1085
505 10.6585
506 10.5437
507 11.1252
508 10.7304
509 11.2885
510 10.9174
511 10.7904
512 10.6932
513 11.0566
514 11.2673
515 11.5498
516 10.8648
517 11.0291
518 10.7288
519 10.9573
520 10.6718
521 10.678
522 10.7547
523 11.0623
524 10.7305
525 10.5724
526 10.9111
527 11.052
528 10.8985
529 11.0187
530 11.0556
531 12.0226
532 11.8058
533 11.9088
534 11.7624
535 12.3869
536 11.2104
537 11.0416
538 10.8295
539 10.7189
540 11.0859
541 10.84
542 10.8725
543 10.7864
544 11.1374
545 11.0033
546 11.0359
547 11.2149
548 11.0663
549 11.1322
550 11.8804
551 11.346
552 10.7047
553 11.0471
554 11.2019
555 11.2392
556 10.915
557 10.8955
558 10.6367
559 10.7951
560 10.859
561 10.6818
562 10.6721
563 10.804
564 10.5971
565 10.8489
566 10.609
567 10.6583
568 10.7783
569 10.8403
570 11.0404
571 11.2262
572 10.9907
573 10.7926
574 10.7895
575 10.688
576 11.2575
577 11.0107
578 10.5391
579 10.4746
580 10.4395
581 10.4227
582 10.8305
583 10.8666
584 11.6399
585 11.719
586 11.8523
587 11.6995
588 11.4033
589 11.1225
590 11.0685
591 11.0134
592 10.8081
593 11.1293
594 11.3062
595 11.1
596 11.0306
597 10.7443
598 11.0809
599 11.1656
600 11.4212
601 11.0479
602 11.2328
603 10.819
604 10.9547
605 10.631
606 10.432
607 10.6239
608 11.3552
609 11.0366
610 11.0592
611 11.4844
612 11.0443
613 11.3778
614 11.3115
615 11.0434
616 11.3385
617 10.5893
618 10.8448
619 11.0653
620 11.2299
621 11.2199
622 10.968
623 10.6194
624 10.4561
625 11.0287
626 11.5647
627 10.984
628 10.9513
629 10.9122
630 11.2914
631 11.2484
632 11.4606
633 11.0535
634 11.0521
635 10.8413
636 10.907
637 11.0259
638 10.9575
639 11.3691
640 10.8596
641 10.4903
642 10.7565
643 10.8266
644 11.1621
645 11.9109
646 11.7521
647 11.1818
648 10.73
649 10.7858
650 10.3926
651 10.7417
652 10.6983
653 10.8135
654 10.6625
655 10.5426
656 10.6255
657 10.7976
658 11.0698
659 11.1111
660 10.9627
661 10.7607
662 11.1941
663 11.1508
664 11.245
665 11.5103
666 11.7855
667 11.3975
668 11.5747
669 11.4105
670 10.9918
671 10.8571
672 10.9758
673 11.3569
674 11.2078
675 11.2392
676 11.2055
677 11.0975
678 11.2108
679 11.3731
680 11.0427
681 11.1611
682 10.7316
683 10.7659
684 10.8136
685 11.2774
686 11.0819
687 10.6236
688 10.6039
689 10.7928
690 11.5838
691 11.1476
692 10.7024
693 10.5931
694 10.5188
695 10.4874
696 10.6307
697 10.6461
698 11.1981
699 10.9102
700 10.7364
701 10.851
702 10.8587
703 11.0699
704 11.7364
705 10.8221
706 10.549
707 11.0033
708 11.0807
709 11.0113
710 10.8211
711 10.9779
712 10.9891
713 10.95
714 10.7005
715 10.8318
716 10.6161
717 10.5724
718 11.2446
719 10.848
720 11.1416
721 11.4256
722 11.4818
723 11.623
724 12.2758
725 11.9496
726 11.6479
727 11.5519
728 11.1349
729 11.3322
730 11.048
731 10.979
732 10.7037
733 11.0455
734 11.1754
735 11.4519
736 11.2403
737 11.1783
738 10.7472
739 11.0076
740 10.689
741 10.5711
742 10.4063
743 10.6091
744 10.6608
745 11.0443
746 10.8884
747 10.787
748 11.0373
749 10.8365
750 10.9114
751 10.7789
752 10.5221
753 10.5389
754 10.9814
755 11.193
756 10.7467
757 11.0703
758 11.8867
759 11.5276
760 11.5893
761 11.6741
762 11.1294
763 10.9635
764 10.9593
765 10.6376
766 10.5713
767 10.5443
768 11.1624
769 10.9459
770 11.2154
771 10.8977
772 11.0908
773 11.211
774 10.8352
775 10.7403
776 11.2145
777 11.0658
778 10.7519
779 10.5695
780 11.0212
781 10.4331
782 10.4915
783 10.8767
784 10.9704
785 10.8118
786 10.9191
787 10.7485
788 11.074
789 10.8472
790 10.865
791 10.8774
792 10.8607
793 10.3454
794 10.3775
795 10.8323
796 10.9249
797 11.2565
798 11.2931
799 10.9414
800 10.785
801 10.8579
802 11.1972
803 10.8765
804 10.8562
805 10.8813
806 10.8305
807 11.687
808 11.1993
809 11.4176
810 11.7572
811 11.2254
812 11.303
813 11.2752
814 10.9219
815 11.1916
816 11.0501
817 10.7412
818 11.2972
819 11.1965
820 11.3743
821 11.3271
822 11.3928
823 11.5098
824 11.4294
825 11.9149
826 11.6324
827 11.7193
828 11.569
829 11.1105
830 11.6009
831 11.131
832 11.4609
833 11.4656
834 11.2969
835 11.2707
836 11.0226
837 10.8405
838 11.0396
839 10.556
840 10.548
841 10.6296
842 10.7947
843 11.3828
844 11.0315
845 11.2221
846 10.9649
847 10.5248
848 10.4814
849 10.7782
850 10.8616
851 11.0136
852 10.7386
853 10.7378
854 11.0116
855 10.9778
856 10.9241
857 11.2456
858 10.9747
859 10.6215
860 10.862
861 10.8375
862 10.8239
863 11.2291
864 11.1031
865 10.9601
866 11.3453
867 10.9662
868 10.8291
869 10.574
870 10.8486
871 10.5672
872 10.7977
873 10.7892
874 11.0139
875 10.8892
876 10.9142
877 10.9397
878 11.2876
879 10.7458
880 10.4794
881 10.9138
882 11.2936
883 11.2787
884 10.8786
885 11.0889
886 11.2119
887 11.2788
888 11.4196
889 11.5793
890 11.6603
891 11.3334
892 10.9504
893 10.5165
894 10.9544
895 10.5635
896 10.7949
897 10.4643
898 10.5746
899 10.8513
900 10.8672
901 10.7111
902 10.7777
903 11.0218
904 11.126
905 11.5876
906 11.4597
907 11.8908
908 11.612
909 11.384
910 10.982
911 11.1395
912 10.6829
913 10.5591
914 10.878
915 11.1248
916 11.01
917 10.9644
918 10.8769
919 10.4902
920 10.8639
921 10.8651
922 11.1401
923 10.621
924 10.3793
925 10.5661
926 10.8108
927 11.3237
928 11.3943
929 10.8933
930 11.3565
931 11.2566
932 11.3307
933 11.9037
934 11.7431
935 11.2596
936 11.3015
937 11.4713
938 11.4834
939 11.3553
940 11.1503
941 11.2663
942 10.9428
943 11.115
944 10.8788
945 11.4145
946 11.4379
947 11.3074
948 10.8243
949 10.6514
950 10.6508
951 10.6754
952 10.4492
953 10.7979
954 11.2936
955 11.2275
956 11.4236
957 10.8102
958 10.7482
959 11.0174
960 10.9485
961 11.0426
962 10.7582
963 10.8635
964 11.0043
965 11.0793
966 11.1687
967 11.1471
968 11.2225
969 11.0778
970 11.0848
971 11.0999
972 11.1361
973 11.6288
974 10.7589
975 10.9583
976 10.9343
977 11.067
978 11.2134
979 11.4601
980 11.0695
981 10.871
982 10.9766
983 10.8437
984 11.0747
985 10.7476
986 10.4614
987 10.8706
988 11.1807
989 11.2903
990 11.1712
991 11.1092
992 11.0619
993 10.9531
994 11.3118
995 11.309
996 11.0423
997 10.8184
998 10.6262
999 10.7858
1000 10.9484
1001 11.0531
1002 11.0421
1003 11.2229
1004 11.1429
1005 11.6416
1006 11.5307
1007 11.4685
1008 10.9793
1009 10.8358
1010 10.9142
1011 10.943
1012 11.182
1013 10.6665
1014 11.1025
1015 11.0717
1016 10.9312
1017 10.6788
1018 10.9202
1019 10.6919
1020 10.5847
1021 10.4507
1022 10.4686
1023 10.5259
1024 10.7078
1025 10.6782
1026 10.8281
1027 11.2587
1028 11.2442
1029 10.9678
1030 10.7733
1031 10.6943
1032 10.9092
1033 11.3474
1034 11.1584
1035 11.1405
1036 11.1787
1037 11.2543
1038 11.1109
1039 11.2194
1040 10.8202
1041 11.0974
1042 11.0419
1043 10.8321
1044 10.7502
1045 10.6377
1046 10.8762
1047 10.9972
1048 11.0899
1049 10.988
1050 10.7485
1051 11.1421
1052 11.1093
1053 11.1742
1054 11.3676
1055 10.8817
1056 10.6635
1057 10.725
1058 10.6164
1059 10.7447
1060 11.0433
1061 10.611
1062 10.839
1063 10.8839
1064 10.7838
1065 10.4646
1066 10.7928
1067 10.6262
1068 10.6435
1069 10.4679
1070 10.8185
1071 10.7663
1072 10.5366
1073 10.7914
1074 10.8283
1075 11.0252
1076 10.7982
1077 10.7248
1078 10.513
1079 10.7641
1080 10.7913
1081 11.0302
1082 10.6795
1083 10.3967
1084 10.4837
1085 10.3506
1086 10.431
1087 10.8359
1088 10.8148
1089 10.8722
1090 11.2306
1091 11.0903
1092 11.419
1093 11.1433
1094 11.1925
1095 11.0289
1096 11.085
1097 10.8028
1098 11.4365
1099 11.2439
1100 11.3262
1101 11.7074
1102 11.1363
1103 11.1541
1104 10.9324
1105 11.0845
1106 11.299
1107 10.8969
1108 11.2103
1109 11.4469
1110 11.184
1111 10.9852
1112 11.1814
1113 11.0265
1114 11.0634
1115 10.7746
1116 10.6881
1117 11.0644
1118 11.4499
1119 11.54
1120 11.7381
1121 11.8265
1122 11.6085
1123 11.7441
1124 11.2328
1125 11.0544
1126 10.839
1127 10.7623
1128 10.7373
1129 10.8662
1130 10.674
1131 11.053
1132 11.7354
1133 11.749
1134 11.1976
1135 10.9498
1136 10.8804
1137 10.9815
1138 11.2879
1139 11.0781
1140 11.2463
1141 11.3344
1142 11.41
1143 11.3082
1144 11.0067
1145 11.0334
1146 11.0161
1147 11.0515
1148 10.6502
1149 10.6191
1150 10.7827
1151 10.7702
1152 10.8927
1153 10.735
1154 10.8921
1155 11.0951
1156 10.7933
1157 10.8802
1158 10.8826
1159 10.9845
1160 11.1817
1161 10.8495
1162 10.9319
1163 10.7922
1164 10.6422
1165 10.9094
1166 11.3008
1167 11.5079
1168 11.129
1169 10.8601
1170 11.1919
1171 10.7792
1172 11.1166
1173 11.0309
1174 10.9308
1175 11.3333
1176 11.0019
1177 11.2095
1178 11.6237
1179 11.7985
1180 11.0816
1181 10.9214
1182 11.207
1183 11.1803
1184 10.9381
1185 10.5946
1186 10.5582
1187 10.672
1188 11.3297
1189 10.9362
1190 10.7765
1191 11.3681
1192 11.0498
1193 10.5764
1194 10.9963
1195 10.8067
1196 10.5347
1197 10.5024
1198 10.6044
1199 10.7929
1200 10.5714
1201 10.9867
1202 11.2755
1203 11.2745
1204 10.8417
1205 10.7584
1206 10.8194
1207 11.143
1208 10.9093
1209 10.9188
1210 10.9245
1211 10.8506
1212 10.8554
1213 10.9603
1214 11.0385
1215 11.0202
1216 10.8615
1217 10.647
1218 10.5551
1219 10.8707
1220 10.7212
1221 10.7251
1222 11.0313
1223 11.0749
1224 10.6628
1225 10.8778
1226 10.8615
1227 10.9745
1228 10.9628
1229 11.312
1230 10.9011
1231 10.3425
1232 10.464
1233 10.4729
1234 10.6035
1235 11.033
1236 11.1042
1237 11.1164
1238 10.7656
1239 10.6698
1240 10.7317
1241 11.1364
1242 11.4247
1243 11.4429
1244 11.149
1245 11.2319
1246 11.4339
1247 11.3584
1248 10.6032
1249 10.727
1250 10.45
1251 10.8169
1252 10.5435
1253 10.7163
1254 11.0535
1255 11.1667
1256 10.9488
1257 10.8451
1258 10.6624
1259 10.777
1260 10.5077
1261 10.861
1262 11.1088
1263 11.1937
1264 11.5355
1265 11.1203
1266 11.3821
1267 11.136
1268 11.0317
1269 11.3613
1270 11.3532
1271 11.0374
1272 10.9285
1273 10.6287
1274 10.5878
1275 11.2025
1276 10.7512
1277 10.8897
1278 10.517
1279 10.6738
1280 10.8291
1281 10.8423
1282 10.6631
1283 10.5649
1284 10.6526
1285 10.5731
1286 10.7984
1287 10.4411
1288 10.7181
1289 10.935
1290 11.0752
1291 11.3904
1292 11.2588
1293 11.3677
1294 10.8413
1295 11.0671
1296 11.3996
1297 11.2958
1298 11.3078
1299 11.4646
1300 11.1135
1301 11.0457
1302 10.9328
1303 10.808
1304 10.7544
1305 10.8584
1306 10.9122
1307 11.1547
1308 11.3119
1309 11.1318
1310 11.6542
1311 11.7057
1312 11.8754
1313 11.1116
1314 11.2803
1315 11.28
1316 10.8927
1317 11.1074
1318 11.1971
1319 11.3751
1320 10.6754
1321 10.7073
1322 10.7535
1323 10.9741
1324 10.6103
1325 10.5278
1326 10.4512
1327 10.4719
1328 10.4942
1329 10.8695
1330 11.1354
1331 11.6614
1332 11.5831
1333 11.6001
1334 11.2041
1335 11.1563
1336 11.3364
1337 10.9809
1338 11.0106
1339 10.9824
1340 11.2286
1341 10.9243
1342 10.6281
1343 10.4807
1344 10.5018
1345 10.7694
1346 11.0708
1347 10.8804
1348 11.6026
1349 11.5114
1350 11.3408
1351 11.2074
1352 11.3111
1353 11.6351
1354 11.2524
1355 11.2754
1356 10.8842
1357 10.7657
1358 10.8505
1359 10.7076
1360 10.4965
1361 10.4885
1362 10.5217
1363 10.6801
1364 10.6531
1365 10.6736
1366 10.9786
1367 10.6336
1368 10.6404
1369 10.542
1370 10.5883
1371 10.517
1372 10.7259
1373 10.7552
1374 10.915
1375 10.5825
1376 10.8197
1377 10.8565
1378 11.1899
1379 10.7274
1380 10.6657
1381 10.8916
1382 11.0062
1383 11.2586
1384 11.1964
1385 10.8417
1386 11.0163
1387 10.8461
1388 11.0266
1389 11.4041
1390 10.788
1391 10.7246
1392 10.7734
1393 10.7867
1394 11.0587
1395 10.8215
1396 10.5195
1397 10.4884
1398 10.6258
1399 11.0287
1400 11.1277
1401 11.2458
1402 11.0286
1403 11.0045
1404 11.0198
1405 11.3863
1406 11.1657
1407 11.5585
1408 11.5364
1409 11.5953
1410 11.1636
1411 10.7303
1412 10.9541
1413 11.0569
1414 11.2842
1415 11.6831
1416 11.587
1417 11.0864
1418 10.9206
1419 10.7021
1420 11.6736
1421 11.9909
1422 11.5138
1423 11.4426
1424 11.2646
1425 10.7766
1426 10.9151
1427 10.8545
1428 10.5689
1429 10.5648
1430 10.5989
1431 10.7691
1432 10.8758
1433 10.6128
1434 10.4136
1435 10.7341
1436 11.0728
1437 11.18
1438 10.7709
1439 10.4095
1440 10.79
1441 10.7926
1442 10.8671
1443 10.6372
1444 11.1921
1445 11.1164
1446 11.8238
1447 11.5133
1448 11.4382
1449 11.3483
1450 10.8576
1451 10.5851
1452 10.9265
1453 11.0082
1454 11.3566
1455 10.9978
1456 10.8954
1457 10.8404
1458 10.7269
1459 10.5728
1460 10.657
1461 10.718
1462 10.7225
1463 10.8465
1464 10.792
1465 10.9733
1466 10.7285
1467 10.6698
1468 10.4536
1469 10.6649
1470 10.4358
1471 11.1404
1472 11.0126
1473 11.5129
1474 11.1231
1475 10.7628
1476 10.7533
1477 10.7208
1478 10.6915
1479 10.349
1480 10.4287
1481 10.7546
1482 10.4588
1483 10.658
1484 10.7905
1485 10.8352
1486 10.9305
1487 10.9264
1488 10.8776
1489 11.0503
1490 11.3005
1491 11.2311
1492 11.4194
1493 10.7419
1494 10.7528
1495 10.9379
1496 11.2767
1497 11.4301
1498 11.5966
1499 10.9963
1500 10.9208
1501 10.7952
1502 10.7989
1503 11.3446
1504 10.6713
1505 10.6203
1506 10.676
1507 11.0278
1508 10.8852
1509 11.1299
1510 11.8649
1511 11.3143
1512 11.6593
1513 11.1998
1514 10.9064
1515 10.8238
1516 11.191
1517 11.307
1518 11.5435
1519 11.5401
1520 11.0484
1521 10.8055
1522 11.0599
1523 11.4913
1524 11.0544
1525 11.3835
1526 11.666
1527 11.9111
1528 11.5243
1529 11.6054
1530 11.3909
1531 11.5344
1532 11.5517
1533 11.5355
1534 11.4932
1535 11.5302
1536 11.1825
1537 11.4456
1538 11.3882
1539 11.3189
1540 11.0108
1541 10.7324
1542 10.6717
1543 10.5893
1544 11.1541
1545 11.1326
1546 11.3665
1547 10.6361
1548 10.9536
1549 10.7651
1550 10.6227
1551 10.6314
1552 11.1455
1553 10.9016
1554 10.7365
1555 10.475
1556 10.7407
1557 10.8859
1558 11.2363
1559 10.9934
1560 11.1568
1561 10.9493
1562 11.0016
1563 10.849
1564 10.8364
1565 10.9826
1566 11.3587
1567 11.121
1568 11.2685
1569 10.9044
1570 10.6751
1571 10.6607
1572 10.7445
1573 11.2147
1574 11.7784
1575 11.5386
1576 11.9516
1577 11.0124
1578 11.0956
1579 11.1211
1580 10.7501
1581 10.626
1582 10.8138
1583 10.5341
1584 10.7679
1585 10.9832
1586 11.0993
1587 10.8226
1588 10.7231
1589 10.8835
1590 10.8033
1591 11.0407
1592 10.7125
1593 10.5982
1594 10.5284
1595 10.6006
1596 10.618
1597 10.4174
1598 10.8888
1599 10.6784
1600 10.832
1601 10.7159
1602 11.4078
1603 11.6017
1604 11.6562
1605 11.7873
1606 11.8094
1607 11.5991
1608 11.7395
1609 11.4375
1610 10.8484
1611 10.9556
1612 11.0258
1613 11.2036
1614 12.0013
1615 12.2586
1616 11.4592
1617 11.5428
1618 11.0968
1619 11.1843
1620 11.384
1621 11.1473
1622 11.2354
1623 10.9057
1624 11.2026
1625 11.5391
1626 11.2906
1627 10.8179
1628 10.8035
1629 11.4919
1630 11.2447
1631 11.1056
1632 10.8144
1633 10.9795
1634 11.1071
1635 10.7407
1636 11.1252
1637 11.1719
1638 10.8316
1639 10.7387
1640 10.6443
1641 10.8082
1642 11.124
1643 11.1197
1644 11.1173
1645 11.5116
1646 11.3563
1647 11.4453
1648 11.5168
1649 11.3845
1650 11.1189
1651 11.021
1652 10.9621
1653 10.9443
1654 11.0075
1655 10.9461
1656 11.1604
1657 11.0019
1658 11.4681
1659 11.0537
1660 11.1227
1661 11.1913
1662 11.2935
1663 11.1538
1664 10.7098
1665 11.3239
1666 11.0964
1667 11.6621
1668 11.5175
1669 10.7658
1670 11.0321
1671 11.3601
1672 11.3268
1673 11.23
1674 11.6963
1675 11.3303
1676 11.2907
1677 10.7482
1678 10.7998
1679 10.7091
1680 10.8302
1681 10.6913
1682 11.3066
1683 11.4071
1684 11.5551
1685 11.5718
1686 11.6906
1687 11.8358
1688 10.9039
1689 11.3232
1690 11.1479
1691 11.1905
1692 11.2617
1693 11.2012
1694 10.8883
1695 11.0239
1696 11.0905
1697 10.9253
1698 11.1852
1699 11.066
1700 10.9896
1701 10.8736
1702 10.6317
1703 10.66
1704 10.4983
1705 10.7796
1706 10.9833
1707 10.8087
1708 11.1548
1709 11.8132
1710 11.7458
1711 11.2138
1712 11.3937
1713 11.1405
1714 11.1535
1715 11.5386
1716 11.3041
1717 11.1279
1718 10.7467
1719 10.849
1720 10.9101
1721 10.7307
1722 10.7226
1723 10.8967
1724 10.9301
1725 10.927
1726 10.7965
1727 10.511
1728 10.5711
1729 10.7125
1730 10.5546
1731 10.5157
1732 11.0041
1733 10.9657
1734 11.0686
1735 11.6428
1736 11.2064
1737 11.401
1738 11.0006
1739 11.2046
1740 11.4564
1741 11.3403
1742 11.3692
1743 11.2623
1744 11.2052
1745 11.1235
1746 10.8337
1747 11.1391
1748 11.1028
1749 11.4512
1750 10.9839
1751 11.2299
1752 11.6873
1753 11.4764
1754 11.4309
1755 11.7657
1756 11.5086
1757 11.1963
1758 11.1912
1759 10.6744
1760 10.4865
1761 10.9835
1762 11.1387
1763 11.0649
1764 10.756
1765 10.704
1766 10.5925
1767 10.7276
1768 10.4081
1769 10.6271
1770 10.6917
1771 10.8375
1772 10.8023
1773 10.8668
1774 10.7012
1775 10.6597
1776 11.0462
1777 11.4524
1778 11.5759
1779 10.9002
1780 11.1048
1781 11.2302
1782 11.2333
1783 11.4464
1784 10.9078
1785 11.1672
1786 11.19
1787 11.4029
1788 11.8496
1789 11.805
1790 11.9547
1791 11.0342
1792 10.7822
1793 10.6165
1794 10.6776
1795 10.8129
1796 10.5251
1797 10.8306
1798 11.1102
1799 10.8193
1800 10.5443
1801 10.7622
1802 11.1039
1803 10.7596
1804 10.894
1805 10.9857
1806 10.8706
1807 10.6344
1808 11.1942
1809 11.0077
1810 11.3971
1811 10.9927
1812 10.9863
1813 11.4229
1814 11.1004
1815 10.702
1816 11.1717
1817 11.0881
1818 11.2921
1819 11.5081
1820 10.9608
1821 11.061
1822 11.3203
1823 11.2787
1824 11.1051
1825 10.7104
1826 10.5742
1827 10.4174
1828 10.4345
1829 10.5798
1830 10.7042
1831 10.8039
1832 10.708
1833 10.785
1834 10.9214
1835 11.288
1836 11.6257
1837 11.3431
1838 11.222
1839 11.3603
1840 11.0021
1841 11.2359
1842 11.0169
1843 11.1267
1844 10.9087
1845 11.1313
1846 10.6759
1847 11.6255
1848 11.1665
1849 11.4908
1850 11.5339
1851 11.1404
1852 11.1799
1853 10.9698
1854 11.2352
1855 11.5007
1856 11.2787
1857 10.8779
1858 10.9274
1859 11.1451
1860 11.168
1861 11.284
1862 10.9207
1863 10.925
1864 11.0291
1865 11.1404
1866 10.9474
1867 11.3009
1868 11.1087
1869 11.4335
1870 11.213
1871 11.1337
1872 10.9414
1873 11.2884
1874 11.4318
1875 11.2351
1876 11.5708
1877 11.768
1878 12.008
1879 11.2897
1880 11.3868
1881 11.1959
1882 10.9551
1883 10.925
1884 11.1378
1885 11.5037
1886 11.927
1887 11.6418
1888 11.173
1889 11.4909
1890 11.6533
1891 11.1103
1892 11.2717
1893 11.3879
1894 11.5717
1895 12.0918
1896 11.749
1897 11.5359
1898 12.2433
1899 11.5765
1900 11.3454
1901 11.5148
1902 11.3793
1903 11.2292
1904 11.3001
1905 11.4992
1906 11.6792
1907 11.5648
1908 11.7744
1909 12.0436
1910 12.2559
1911 11.6384
1912 11.6581
1913 11.4021
1914 11.4405
1915 11.1716
1916 11.7943
1917 11.646
1918 11.2933
1919 11.4876
1920 11.812
1921 11.7113
1922 11.3496
1923 11.2194
1924 10.9916
1925 10.9325
1926 11.1195
1927 10.871
1928 10.5982
1929 10.6561
1930 10.5726
1931 10.5329
1932 10.5551
1933 10.674
1934 11.2157
1935 11.1956
1936 10.8723
1937 10.8093
1938 11.334
1939 10.7807
1940 10.6972
1941 10.4029
1942 10.3636
1943 10.7381
1944 10.8445
1945 10.6636
1946 10.7299
1947 10.685
1948 11.0507
1949 11.2011
1950 11.155
1951 10.9422
1952 11.2665
1953 11.4409
1954 11.5097
1955 10.9472
1956 11.2033
1957 11.5369
1958 11.3446
1959 11.0636
1960 11.0923
1961 11.2804
1962 11.4901
1963 11.0325
1964 11.3574
1965 11.1415
1966 10.5898
1967 10.9175
1968 11.0424
1969 11.1254
1970 10.8596
1971 10.6349
1972 10.9864
1973 11.591
1974 11.5635
1975 10.7919
1976 10.7559
1977 11.0843
1978 11.2222
1979 10.8223
1980 10.9432
1981 10.7977
1982 11.1236
1983 10.9097
1984 10.5288
1985 10.6852
1986 10.7188
1987 10.6015
1988 10.7441
1989 10.8906
1990 11.1788
1991 11.4149
1992 11.3645
1993 11.4533
1994 10.9123
1995 11.0935
1996 11.3382
1997 11.0398
1998 10.8482
1999 10.4879
2000 10.5216
