1 32.8094
2 31.7617
3 30.5585
4 30.0512
5 29.2427
6 27.9703
7 27.2656
8 26.7386
9 25.8222
10 25.0431
11 24.5899
12 24.8546
13 24.3161
14 23.6282
15 23.4139
16 22.3158
17 22.1494
18 22.089
19 21.8256
20 21.4365
21 20.5406
22 20.1319
23 19.7873
24 19.4559
25 19.4406
26 19.3276
27 18.544
28 18.2881
29 17.8443
30 17.5157
31 17.2454
32 17.4381
33 17.2137
34 17.4015
35 17.182
36 17.1233
37 16.5977
38 16.4731
39 16.4164
40 15.9979
41 16.3111
42 16.2536
43 15.9916
44 16.6848
45 16.4434
46 15.9561
47 15.8231
48 15.5537
49 15.9699
50 15.8105
51 15.4514
52 15.6093
53 15.594
54 15.0782
55 15.4485
56 15.1404
57 15.2814
58 15.3994
59 15.325
60 15.0679
61 15.0302
62 15.3322
63 15.4441
64 14.9749
65 15.0719
66 14.8402
67 15.0419
68 15.2799
69 16.0462
70 15.721
71 15.6445
72 15.6028
73 15.432
74 14.9196
75 15.088
76 15.2059
77 15.4475
78 15.5785
79 15.1689
80 14.7572
81 14.251
82 14.4798
83 14.4538
84 14.2014
85 14.5266
86 14.6927
87 14.741
88 14.5097
89 14.7697
90 14.779
91 14.3361
92 14.0656
93 13.643
94 13.5772
95 13.528
96 13.3523
97 13.42
98 13.3018
99 13.2049
100 13.1216
101 13.3282
102 13.4555
103 13.3034
104 13.2273
105 13.3749
106 12.9963
107 12.9862
108 12.6344
109 12.6176
110 12.5843
111 12.2991
112 12.5257
113 12.2843
114 12.189
115 12.7597
116 12.3325
117 12.0034
118 12.0321
119 12.1242
120 12.0523
121 11.8961
122 12.05
123 12.0694
124 12.1577
125 11.8381
126 11.8637
127 11.7452
128 12.3751
129 11.9985
130 11.8693
131 11.8732
132 12.3656
133 11.9083
134 11.8589
135 11.5534
136 11.5289
137 11.849
138 11.662
139 11.6971
140 11.7708
141 12.1212
142 11.7741
143 12.109
144 11.8827
145 11.6292
146 11.8784
147 11.8373
148 11.6835
149 11.3451
150 11.6332
151 11.7705
152 11.5593
153 12.1081
154 11.6867
155 11.4985
156 11.1812
157 11.1652
158 11.117
159 11.2443
160 11.0226
161 10.6829
162 10.6468
163 10.8823
164 10.8904
165 10.9392
166 10.9846
167 11.2084
168 11.3318
169 11.5574
170 11.4235
171 11.5062
172 11.3693
173 10.9325
174 11.2951
175 10.8338
176 10.806
177 11.0904
178 10.8481
179 11.2119
180 11.2256
181 11.5066
182 11.5316
183 11.5213
184 11.317
185 11.3264
186 11.4036
187 10.803
188 11.0858
189 11.4854
190 11.1792
191 11.5102
192 11.4961
193 11.4962
194 12.084
195 12.0504
196 11.4198
197 11.8984
198 11.3176
199 11.553
200 11.6807
201 11.5222
202 11.2936
203 11.6241
204 11.515
205 11.354
206 11.3054
207 11.9432
208 11.5401
209 11.6856
210 11.4509
211 11.02
212 11.4603
213 10.9441
214 10.7604
215 10.8763
216 10.9418
217 10.9772
218 10.854
219 11.2704
220 10.8932
221 10.826
222 11.163
223 10.9252
224 10.6609
225 10.801
226 10.5407
227 10.8004
228 10.8851
229 10.8452
230 10.9162
231 10.849
232 10.709
233 11.3025
234 11.309
235 11.1801
236 10.9693
237 10.8563
238 11.1092
239 10.7676
240 10.8776
241 11.2135
242 10.9223
243 11.1199
244 11.2899
245 11.3466
246 11.2099
247 11.0109
248 11.0738
249 10.9509
250 10.9589
251 10.7923
252 10.7175
253 10.5765
254 10.5813
255 10.5772
256 10.8495
257 10.7457
258 10.7497
259 11.2414
260 11.0349
261 11.092
262 11.2311
263 11.0686
264 11.126
265 11.66
266 11.1465
267 11.0813
268 10.7223
269 10.6438
270 11.0043
271 11.0082
272 11.2923
273 11.3521
274 11.0585
275 11.2444
276 11.1741
277 11.3702
278 11.4666
279 11.1725
280 11.4855
281 11.316
282 10.9919
283 11.1983
284 10.8031
285 10.8043
286 10.7297
287 11.1433
288 11.174
289 11.1329
290 11.1652
291 11.049
292 11.1715
293 11.2654
294 11.7766
295 11.6565
296 10.9792
297 10.891
298 10.76
299 10.937
300 10.8919
301 10.6483
302 10.8665
303 10.9862
304 10.6826
305 11.0122
306 10.8992
307 10.7236
308 10.8897
309 11.2559
310 11.3633
311 11.3111
312 11.5452
313 11.1368
314 10.8502
315 11.1487
316 10.8692
317 11.0271
318 10.9304
319 11.0194
320 11.0177
321 10.8431
322 10.9667
323 11.398
324 11.3586
325 11.3112
326 11.5901
327 11.3705
328 11.4873
329 11.3922
330 11.5964
331 11.3178
332 11.1257
333 11.195
334 11.1573
335 10.8311
336 10.5616
337 10.484
338 10.5703
339 10.727
340 10.7555
341 10.8536
342 10.4586
343 10.8949
344 10.9524
345 10.7915
346 10.8096
347 10.6707
348 10.7798
349 10.7296
350 11.1265
351 12.0343
352 11.4785
353 10.7883
354 11.2542
355 11.0535
356 10.6822
357 10.8703
358 11.188
359 11.3019
360 11.9527
361 11.3649
362 11.3556
363 11.3881
364 11.6703
365 11.7074
366 11.4144
367 11.3854
368 10.8696
369 11.3247
370 11.1074
371 10.9839
372 11.5259
373 11.3332
374 10.7454
375 10.5433
376 10.4407
377 10.6476
378 10.6746
379 11.1577
380 10.8651
381 10.8614
382 11.5836
383 11.5035
384 11.4131
385 11.8565
386 11.4319
387 10.9349
388 10.9449
389 11.2267
390 11.2632
391 11.5739
392 11.3338
393 11.3942
394 11.3857
395 11.3031
396 11.3977
397 11.1017
398 11.1163
399 11.5306
400 11.0882
401 11.03
402 10.7523
403 10.7627
404 10.6753
405 10.6057
406 10.7571
407 10.7951
408 10.8685
409 11.2724
410 11.7455
411 11.4292
412 10.9238
413 11.3259
414 11.1074
415 11.4923
416 11.3507
417 11.252
418 11.0194
419 11.1398
420 11.4011
421 11.1934
422 11.3656
423 11.0294
424 11.1715
425 11.4015
426 11.3825
427 11.0026
428 11.2267
429 10.8785
430 10.7771
431 11.1742
432 11.0042
433 11.2156
434 10.8372
435 11.2075
436 10.7268
437 10.7457
438 10.8001
439 10.7073
440 10.8693
441 10.798
442 11.0688
443 10.9577
444 11.1011
445 10.8022
446 10.4319
447 10.4709
448 10.9329
449 11.4596
450 11.4722
451 11.7958
452 11.5369
453 11.6137
454 11.4471
455 11.6659
456 11.5046
457 11.5698
458 11.6188
459 11.8249
460 11.3272
461 11.1381
462 10.9612
463 11.2447
464 11.4407
465 11.5277
466 11.5543
467 11.0464
468 11.882
469 11.1189
470 11.2428
471 11.3564
472 11.2461
473 11.6694
474 11.9262
475 11.2409
476 11.3706
477 11.4358
478 11.1924
479 11.7553
480 11.5794
481 11.5533
482 11.9629
483 11.4833
484 11.8083
485 11.7093
486 11.5224
487 11.143
488 10.8429
489 11.4001
490 11.4035
491 11.1506
492 11.3679
493 11.3431
494 11.4792
495 11.2077
496 11.3418
497 11.3119
498 11.2668
499 11.038
500 11.4915
501 11.6942
502 11.3045
503 11.1138
504 11.9178
505 11.1831
506 11.4914
507 11.073
508 11.1823
509 11.002
510 10.9456
511 10.8616
512 10.9316
513 10.8447
514 10.9973
515 11.3358
516 11.2322
517 11.3301
518 11.0427
519 10.8042
520 10.8701
521 10.9336
522 10.7143
523 10.8779
524 10.948
525 11.2272
526 10.681
527 10.815
528 10.8436
529 11.2503
530 11.3127
531 10.9368
532 11.0612
533 11.157
534 11.0695
535 10.8604
536 11.2657
537 11.1061
538 10.879
539 10.8314
540 10.8426
541 10.8063
542 11.3044
543 11.2984
544 11.7739
545 11.8214
546 11.0655
547 10.9679
548 11.1092
549 10.8749
550 11.0326
551 11.1198
552 11.023
553 10.8707
554 10.5941
555 10.9138
556 11.1328
557 11.2432
558 11.2801
559 11.2257
560 11.4497
561 11.7626
562 11.536
563 11.172
564 11.1371
565 10.7897
566 10.9495
567 11.4628
568 11.4192
569 11.2034
570 11.4723
571 11.5219
572 11.1683
573 11.1418
574 10.8239
575 10.9424
576 10.9086
577 11.1126
578 10.8107
579 11.0983
580 11.0462
581 11.2305
582 11.8666
583 11.6246
584 11.3374
585 12.1017
586 11.6504
587 11.8595
588 11.6164
589 11.3453
590 10.7992
591 11.0797
592 10.8261
593 10.9933
594 10.6782
595 10.576
596 10.4731
597 10.5563
598 10.9097
599 11.4601
600 11.3375
601 11.4467
602 11.1943
603 11.3638
604 11.0514
605 10.8699
606 10.8141
607 10.5656
608 10.9337
609 10.9451
610 10.8612
611 11.0571
612 10.7953
613 11.076
614 11.0465
615 11.0632
616 10.6286
617 11.4197
618 11.7194
619 11.6184
620 11.142
621 10.7936
622 10.9744
623 11.0033
624 11.0219
625 11.063
626 11.1253
627 10.6892
628 10.6568
629 10.5585
630 10.7846
631 11.2991
632 11.2518
633 10.8786
634 11.0546
635 11.5904
636 12.5197
637 12.0404
638 12.156
639 12.1199
640 11.9842
641 12.5248
642 12.0414
643 11.6612
644 11.4084
645 11.0709
646 11.3241
647 10.9176
648 10.8801
649 10.8531
650 10.7476
651 11.2289
652 11.4173
653 11.2845
654 11.2657
655 11.4652
656 11.4143
657 11.5564
658 11.1715
659 11.3516
660 10.7525
661 11.0173
662 10.7008
663 11.1421
664 10.827
665 10.8046
666 11.425
667 11.3613
668 11.1144
669 11.3553
670 10.7728
671 11.3428
672 11.6684
673 11.351
674 11.4636
675 11.4358
676 11.8474
677 11.7324
678 11.9351
679 11.6279
680 11.3905
681 10.9193
682 10.9815
683 11.0293
684 11.3615
685 11.722
686 11.7171
687 11.6706
688 11.5357
689 11.186
690 11.3783
691 11.7419
692 11.1641
693 11.0267
694 11.0381
695 11.168
696 10.9137
697 10.915
698 10.7005
699 11.0374
700 10.9383
701 10.9492
702 10.8511
703 10.9912
704 10.6732
705 10.8657
706 10.7843
707 10.9652
708 11.133
709 11.1442
710 10.6812
711 10.9791
712 10.7647
713 11.026
714 11.0844
715 10.8963
716 10.9299
717 11.1096
718 11.4651
719 11.8225
720 11.4475
721 11.2706
722 11.2836
723 11.0859
724 11.2029
725 10.9682
726 10.9924
727 10.889
728 10.9826
729 11.5248
730 10.9179
731 11.2889
732 12.0345
733 11.7105
734 11.5836
735 11.3971
736 11.2976
737 11.3618
738 11.3049
739 11.2267
740 11.078
741 11.0105
742 10.8615
743 10.8766
744 10.5822
745 10.7032
746 10.7723
747 10.6601
748 11.2911
749 10.5928
750 10.5072
751 10.4605
752 10.6157
753 10.6596
754 10.8347
755 11.0668
756 10.7157
757 10.7279
758 11.198
759 10.9745
760 10.9192
761 11.1384
762 11.0664
763 11.2961
764 11.2864
765 11.0989
766 11.1536
767 11.3721
768 10.897
769 10.904
770 10.7881
771 10.6294
772 10.6331
773 10.7388
774 10.8221
775 11.0206
776 10.8289
777 11.0057
778 11.0282
779 10.8459
780 10.6206
781 10.5468
782 10.6832
783 10.7992
784 10.9411
785 10.7328
786 10.8619
787 10.9753
788 10.9993
789 10.7837
790 10.6885
791 10.9718
792 11.0257
793 11.1252
794 11.1898
795 11.2842
796 11.1192
797 10.8938
798 11.2516
799 11.2716
800 11.5255
801 11.2104
802 11.0093
803 11.0657
804 11.1636
805 11.129
806 10.8745
807 11.1006
808 10.9752
809 10.9768
810 10.8169
811 10.8302
812 10.6958
813 10.6519
814 10.9184
815 11.1572
816 11.6234
817 11.6207
818 11.6156
819 12.0881
820 11.4225
821 11.1867
822 11.1027
823 11.4823
824 10.7661
825 10.5479
826 10.7697
827 11.0146
828 11.168
829 11.2878
830 11.41
831 11.4809
832 10.9355
833 10.9039
834 10.9627
835 10.7117
836 11.0744
837 10.86
838 11.0565
839 11.4707
840 11.7167
841 11.2545
842 10.8096
843 10.7043
844 10.65
845 10.9382
846 10.8227
847 11.0914
848 11.2468
849 11.3361
850 11.0743
851 10.8343
852 11.2491
853 10.8493
854 10.7179
855 11.3644
856 11.4382
857 11.3909
858 11.265
859 12.3082
860 12.3184
861 12.4128
862 13.1742
863 12.9261
864 12.2409
865 11.9315
866 11.1637
867 11.3211
868 10.9435
869 11.1861
870 10.858
871 10.895
872 11.2995
873 11.5718
874 11.5893
875 11.3269
876 11.5937
877 11.6395
878 11.9521
879 11.852
880 11.5849
881 11.5226
882 11.107
883 10.9881
884 10.7301
885 10.789
886 11.0006
887 10.9511
888 11.3176
889 11.566
890 11.4216
891 11.4233
892 10.983
893 10.8572
894 10.9616
895 10.7847
896 10.6803
897 10.8637
898 11.4271
899 11.0203
900 10.7206
901 10.744
902 10.7439
903 10.6278
904 10.7365
905 10.9669
906 11.494
907 11.6369
908 11.5332
909 10.8067
910 11.2077
911 11.0061
912 11.0136
913 10.7794
914 10.8828
915 11.1701
916 11.2789
917 11.2333
918 11.1739
919 11.1421
920 10.7774
921 11.0949
922 11.0243
923 11.4492
924 11.0574
925 11.2312
926 10.6683
927 10.533
928 10.4564
929 10.9436
930 11.1107
931 10.7652
932 11.189
933 11.471
934 11.1149
935 11.7396
936 11.9709
937 11.851
938 11.8017
939 11.7153
940 11.2211
941 11.0845
942 11.0468
943 11.3877
944 11.1534
945 10.9592
946 11.1907
947 10.7913
948 10.9035
949 11.1679
950 11.1912
951 11.1549
952 10.7535
953 11.1023
954 11.1972
955 11.3467
956 10.9619
957 11.0999
958 10.9356
959 11.2633
960 11.1965
961 11.4707
962 10.8674
963 10.8049
964 10.687
965 10.9515
966 11.4699
967 11.1133
968 10.6553
969 10.8167
970 10.5378
971 10.9904
972 11.1074
973 11.1737
974 11.4657
975 11.6858
976 11.0168
977 10.8685
978 10.6889
979 10.9231
980 11.2153
981 10.8414
982 11.205
983 11.4766
984 10.7786
985 10.668
986 10.8767
987 11.2645
988 11.3573
989 11.5134
990 11.3316
991 11.1983
992 11.0632
993 10.8911
994 11.1909
995 11.1949
996 10.8754
997 10.774
998 11.0436
999 11.0596
1000 11.1512
1001 11.0657
1002 10.9659
1003 11.3934
1004 11.1607
1005 11.1472
1006 11.4733
1007 11.5251
1008 11.0933
1009 11.4353
1010 10.9487
1011 11.1922
1012 11.2788
1013 11.29
1014 11.3424
1015 11.7316
1016 11.3442
1017 11.2946
1018 11.7957
1019 11.5541
1020 11.589
1021 12.2034
1022 11.2538
1023 11.6241
1024 11.3686
1025 11.0818
1026 11.6626
1027 10.7264
1028 10.9802
1029 11.0009
1030 11.0051
1031 10.8864
1032 10.792
1033 10.9778
1034 10.9405
1035 10.803
1036 10.9484
1037 10.8856
1038 10.9104
1039 10.833
1040 10.9077
1041 10.8765
1042 11.1815
1043 11.0128
1044 11.1866
1045 10.98
1046 10.8738
1047 10.7318
1048 10.8638
1049 10.8854
1050 10.9711
1051 10.7461
1052 10.8244
1053 10.8859
1054 10.6832
1055 10.6314
1056 10.5803
1057 10.645
1058 10.7717
1059 10.7534
1060 11.0904
1061 10.8598
1062 10.7289
1063 10.8166
1064 10.9663
1065 10.8464
1066 10.6592
1067 10.8832
1068 11.3239
1069 10.9445
1070 11.1033
1071 11.1027
1072 11.1071
1073 11.166
1074 11.1042
1075 10.989
1076 11.0654
1077 11.2538
1078 11.0361
1079 11.0071
1080 11.0967
1081 11.0702
1082 10.9312
1083 11.1557
1084 11.1498
1085 11.3055
1086 10.9473
1087 11.4953
1088 11.5259
1089 11.4891
1090 11.4794
1091 11.3417
1092 11.6053
1093 11.5631
1094 11.179
1095 10.8899
1096 10.9726
1097 11.2357
1098 11.0895
1099 11.4019
1100 11.0186
1101 10.8319
1102 11.3262
1103 11.2073
1104 11.0938
1105 11.1419
1106 11.0166
1107 11.1784
1108 10.7956
1109 10.9391
1110 10.8051
1111 10.615
1112 11.0936
1113 11.0425
1114 10.9501
1115 10.9123
1116 11.1963
1117 11.6565
1118 11.1791
1119 11.7478
1120 11.8338
1121 11.5957
1122 11.397
1123 10.9831
1124 10.9672
1125 10.7574
1126 10.8605
1127 10.8747
1128 10.9006
1129 10.8955
1130 10.8525
1131 10.8697
1132 10.7618
1133 10.9868
1134 11.0241
1135 11.3067
1136 11.3765
1137 11.0641
1138 11.1476
1139 11.0082
1140 11.1836
1141 10.8805
1142 10.6375
1143 11.2351
1144 11.059
1145 10.757
1146 10.7145
1147 11.2848
1148 10.8807
1149 10.785
1150 10.7657
1151 11.2173
1152 11.4005
1153 11.0816
1154 11.2289
1155 11.1464
1156 10.857
1157 10.8135
1158 11.1101
1159 11.54
1160 11.2324
1161 11.1612
1162 11.0696
1163 11.2075
1164 11.1121
1165 10.8983
1166 10.8374
1167 11.1634
1168 10.7915
1169 11.1075
1170 11.1141
1171 11.5559
1172 11.2902
1173 11.0036
1174 10.8479
1175 10.6477
1176 10.6203
1177 11.393
1178 11.1746
1179 10.7787
1180 10.6466
1181 10.7391
1182 10.8025
1183 10.8162
1184 10.8736
1185 11.1882
1186 11.0362
1187 10.818
1188 11.2397
1189 10.865
1190 11.3793
1191 11.2664
1192 11.1124
1193 12.1027
1194 11.8096
1195 11.8879
1196 11.2868
1197 10.9462
1198 11.0676
1199 11.3198
1200 11.0576
1201 10.8281
1202 11.156
1203 11.052
1204 10.9748
1205 10.7429
1206 10.8554
1207 10.6849
1208 11.0285
1209 11.0056
1210 11.2405
1211 11.4815
1212 11.1181
1213 11.8289
1214 11.5193
1215 11.7061
1216 11.6426
1217 10.929
1218 11.2395
1219 10.9473
1220 11.4304
1221 11.5015
1222 11.3676
1223 11.2911
1224 10.8459
1225 11.3061
1226 11.3026
1227 11.3949
1228 11.2597
1229 11.4518
1230 11.3027
1231 11.1388
1232 11.6322
1233 11.5121
1234 11.208
1235 11.3385
1236 11.4325
1237 11.4028
1238 11.4209
1239 11.2036
1240 10.7236
1241 11.4286
1242 11.6503
1243 11.9087
1244 11.6515
1245 11.3036
1246 11.378
1247 11.7316
1248 11.1906
1249 10.7411
1250 10.9541
1251 11.062
1252 11.0471
1253 10.7406
1254 11.3203
1255 11.1437
1256 10.9241
1257 10.6663
1258 10.65
1259 10.6638
1260 10.7789
1261 11.204
1262 10.7337
1263 10.9922
1264 11.0059
1265 11.238
1266 11.4312
1267 11.153
1268 10.9637
1269 11.08
1270 11.1836
1271 11.339
1272 11.3462
1273 10.9422
1274 10.9858
1275 10.8581
1276 11.008
1277 10.9288
1278 11.0111
1279 10.9646
1280 11.1322
1281 10.7154
1282 10.8742
1283 11.2148
1284 11.6298
1285 11.3121
1286 11.2303
1287 11.6946
1288 11.7657
1289 11.9905
1290 11.5918
1291 11.3049
1292 11.1085
1293 11.0521
1294 11.0114
1295 11.0469
1296 10.9474
1297 10.9806
1298 10.9812
1299 11.5156
1300 11.9032
1301 11.4931
1302 11.1472
1303 11.0957
1304 10.9601
1305 11.316
1306 11.377
1307 11.0641
1308 11.1749
1309 11.0089
1310 10.8825
1311 11.05
1312 11.5044
1313 11.7109
1314 11.3107
1315 11.5482
1316 11.2553
1317 10.9803
1318 11.0251
1319 11.0397
1320 11.253
1321 11.1991
1322 10.9965
1323 10.8109
1324 10.6307
1325 10.567
1326 10.5182
1327 10.5875
1328 10.541
1329 10.5303
1330 10.5705
1331 10.699
1332 11.3244
1333 11.1585
1334 11.2888
1335 10.977
1336 11.7905
1337 11.2296
1338 11.304
1339 11.1379
1340 10.8067
1341 10.7578
1342 10.9504
1343 11.1669
1344 11.281
1345 11.7568
1346 11.3659
1347 11.3227
1348 10.6666
1349 10.8523
1350 10.8223
1351 11.0113
1352 10.9513
1353 10.755
1354 11.2999
1355 11.3345
1356 11.0601
1357 10.9456
1358 10.955
1359 11.0046
1360 10.8777
1361 11.0148
1362 11.4873
1363 11.138
1364 10.9592
1365 10.9329
1366 10.9063
1367 11.0363
1368 11.2408
1369 11.0979
1370 11.2816
1371 11.2548
1372 11.2689
1373 11.2786
1374 11.6575
1375 11.252
1376 11.5399
1377 11.4971
1378 10.8839
1379 11.0956
1380 10.8743
1381 11.0533
1382 11.172
1383 11.3504
1384 11.3944
1385 11.4612
1386 11.2609
1387 10.9799
1388 11.3097
1389 11.115
1390 11.0649
1391 10.7567
1392 11.1267
1393 11.1977
1394 11.2319
1395 11.9323
1396 11.021
1397 11.2062
1398 11.2243
1399 11.1575
1400 11.1445
1401 10.9493
1402 10.8096
1403 11.2301
1404 11.6651
1405 11.3927
1406 11.3447
1407 11.6167
1408 11.358
1409 11.3646
1410 11.3433
1411 11.7232
1412 10.9307
1413 10.771
1414 10.9619
1415 11.9117
1416 11.9269
1417 11.953
1418 11.0809
1419 10.9312
1420 11.1072
1421 11.1939
1422 11.0658
1423 10.7685
1424 11.1321
1425 11.0186
1426 11.0028
1427 10.9612
1428 10.7842
1429 10.5726
1430 10.7979
1431 11.185
1432 11.1573
1433 11.5394
1434 11.4667
1435 12.0273
1436 11.9524
1437 11.9421
1438 11.7974
1439 11.3676
1440 10.8598
1441 10.9933
1442 11.1526
1443 11.3533
1444 10.9514
1445 10.9148
1446 10.7866
1447 10.8998
1448 11.4018
1449 11.3995
1450 11.0022
1451 11.1419
1452 11.7535
1453 11.694
1454 11.3574
1455 11.0546
1456 10.7885
1457 10.8778
1458 10.9089
1459 10.71
1460 10.8924
1461 10.7982
1462 10.8161
1463 10.9774
1464 10.9071
1465 11.3026
1466 11.016
1467 10.881
1468 10.7754
1469 11.1609
1470 11.125
1471 11.3625
1472 10.9497
1473 10.7124
1474 10.6399
1475 10.7125
1476 11.0325
1477 10.8166
1478 10.839
1479 10.7718
1480 10.5789
1481 10.6341
1482 10.5839
1483 10.8471
1484 11.3431
1485 11.4294
1486 11.1884
1487 11.3418
1488 10.827
1489 11.0581
1490 10.9017
1491 10.9886
1492 11.1887
1493 10.9061
1494 11.3002
1495 11.1899
1496 11.018
1497 11.0458
1498 11.1625
1499 11.4479
1500 10.9776
1501 11.0119
1502 11.0393
1503 10.9043
1504 10.8494
1505 11.0249
1506 10.9665
1507 11.2473
1508 10.8698
1509 10.6966
1510 11.1646
1511 11.0999
1512 10.9148
1513 10.9189
1514 11.1534
1515 11.2673
1516 11.0919
1517 11.2644
1518 11.6859
1519 11.7752
1520 12.0284
1521 11.6412
1522 11.3964
1523 10.982
1524 11.334
1525 11.6908
1526 11.4689
1527 11.7137
1528 11.2162
1529 11.3456
1530 10.7145
1531 11.142
1532 11.0139
1533 11.3327
1534 11.3769
1535 10.7556
1536 10.9405
1537 10.9553
1538 10.8678
1539 10.882
1540 11.2026
1541 11.0465
1542 10.9374
1543 11.2739
1544 11.4927
1545 11.5158
1546 11.2907
1547 11.3175
1548 11.3581
1549 11.3569
1550 11.1913
1551 11.2594
1552 11.3035
1553 11.3012
1554 11.1489
1555 10.7695
1556 11.015
1557 11.4584
1558 11.3429
1559 11.6155
1560 11.552
1561 12.0583
1562 11.7797
1563 11.5914
1564 10.8819
1565 11.1972
1566 11.9107
1567 11.6697
1568 11.1224
1569 11.2269
1570 11.5655
1571 11.6259
1572 11.6492
1573 11.3992
1574 11.3111
1575 11.7799
1576 11.1712
1577 11.1501
1578 11.3161
1579 11.3248
1580 10.9324
1581 11.2363
1582 11.2828
1583 11.2198
1584 11.456
1585 11.1769
1586 11.2745
1587 11.2033
1588 11.0511
1589 11.2097
1590 11.0348
1591 11.1414
1592 10.9423
1593 11.1157
1594 11.4467
1595 11.327
1596 11.7513
1597 11.3404
1598 11.4094
1599 10.8443
1600 10.6992
1601 10.8779
1602 11.4345
1603 11.5649
1604 11.4985
1605 11.2472
1606 11.0621
1607 11.1993
1608 10.826
1609 11.1544
1610 10.9895
1611 10.778
1612 10.9681
1613 11.3443
1614 11.2298
1615 11.1472
1616 10.9621
1617 11.5479
1618 11.0734
1619 11.1388
1620 11.1016
1621 11.0118
1622 11.3017
1623 10.9847
1624 10.8863
1625 10.8106
1626 10.7543
1627 10.8545
1628 10.7998
1629 10.9566
1630 10.5638
1631 10.8185
1632 10.9947
1633 10.7636
1634 10.7911
1635 11.1111
1636 11.0787
1637 11.079
1638 11.405
1639 11.9836
1640 11.4889
1641 11.2251
1642 11.0169
1643 10.896
1644 10.8988
1645 10.8156
1646 11.0495
1647 11.4041
1648 10.8367
1649 10.69
1650 11.2442
1651 11.3452
1652 11.6042
1653 11.2705
1654 11.2264
1655 11.1131
1656 11.5721
1657 11.0375
1658 11.4125
1659 11.508
1660 11.2047
1661 11.0001
1662 11.1689
1663 11.5245
1664 10.9617
1665 11.0786
1666 11.0692
1667 10.9359
1668 11.0972
1669 10.5945
1670 10.583
1671 10.5797
1672 10.7197
1673 10.7862
1674 10.9402
1675 11.2002
1676 11.1637
1677 10.8481
1678 10.7533
1679 10.8145
1680 10.7904
1681 10.7431
1682 10.6999
1683 11.01
1684 10.6561
1685 10.6849
1686 10.8424
1687 10.8286
1688 10.6052
1689 10.7522
1690 10.743
1691 10.7308
1692 11.1376
1693 11.1151
1694 10.9514
1695 11.0811
1696 10.9009
1697 11.3125
1698 11.4619
1699 11.3836
1700 11.0731
1701 11.1465
1702 11.3937
1703 11.2012
1704 11.1391
1705 11.0781
1706 10.8625
1707 10.7262
1708 10.8277
1709 10.7058
1710 10.8386
1711 10.9886
1712 11.4347
1713 11.0983
1714 10.9613
1715 10.8849
1716 11.2321
1717 11.3289
1718 11.5012
1719 11.3336
1720 11.5145
1721 11.4815
1722 11.6708
1723 11.2975
1724 11.0182
1725 10.8929
1726 11.171
1727 11.0661
1728 10.7667
1729 10.9071
1730 11.4104
1731 11.7478
1732 11.8497
1733 11.7659
1734 11.6509
1735 11.473
1736 11.3483
1737 11.5357
1738 11.3437
1739 11.3475
1740 10.9075
1741 10.7928
1742 10.8022
1743 10.8452
1744 10.9383
1745 10.8745
1746 11.3986
1747 11.1461
1748 10.9392
1749 10.8116
1750 10.8036
1751 10.9176
1752 10.9786
1753 11.2352
1754 11.2544
1755 10.9185
1756 10.8709
1757 10.7579
1758 10.817
1759 11.3318
1760 11.268
1761 11.8307
1762 11.0111
1763 11.282
1764 11.0843
1765 11.2587
1766 11.4295
1767 10.8022
1768 10.815
1769 11.0157
1770 10.613
1771 10.8895
1772 10.7348
1773 11.4493
1774 11.7188
1775 11.1678
1776 11.5368
1777 11.6349
1778 11.8716
1779 11.9847
1780 11.8571
1781 11.776
1782 10.939
1783 11.0727
1784 11.0267
1785 11.5983
1786 11.8282
1787 11.3497
1788 11.1754
1789 11.2995
1790 11.3053
1791 11.9988
1792 11.5484
1793 11.9024
1794 11.4465
1795 11.3857
1796 11.328
1797 10.8734
1798 11.3336
1799 11.1333
1800 11.0757
1801 10.966
1802 10.7282
1803 10.5846
1804 10.4903
1805 10.7191
1806 10.7479
1807 10.7629
1808 10.816
1809 10.8931
1810 11.0752
1811 11.0522
1812 11.4805
1813 11.2916
1814 11.4426
1815 11.3095
1816 11.5828
1817 11.5729
1818 11.2706
1819 11.2261
1820 11.1665
1821 10.8935
1822 11.1622
1823 10.9587
1824 11.3207
1825 11.206
1826 11.1861
1827 10.8591
1828 10.8402
1829 10.9339
1830 11.2183
1831 11.347
1832 11.4539
1833 11.7599
1834 11.2978
1835 10.6124
1836 10.8952
1837 11.0521
1838 10.8059
1839 11.0703
1840 11.1306
1841 11.0383
1842 10.9639
1843 10.8202
1844 10.6415
1845 11.0173
1846 10.8462
1847 11.0544
1848 11.0128
1849 11.0563
1850 11.016
1851 11.057
1852 10.9207
1853 11.0505
1854 11.2348
1855 11.0465
1856 11.221
1857 11.1029
1858 11.1671
1859 10.8992
1860 11.0005
1861 11.0283
1862 10.9935
1863 11.2782
1864 11.4511
1865 10.8997
1866 10.8962
1867 10.7277
1868 10.7577
1869 11.2597
1870 11.2872
1871 11.6871
1872 12.1395
1873 12.0559
1874 12.2051
1875 11.911
1876 11.7334
1877 11.5738
1878 11.5177
1879 12.1676
1880 11.6265
1881 11.5889
1882 11.5992
1883 12.1226
1884 11.7977
1885 11.5038
1886 11.3314
1887 10.9954
1888 11.1588
1889 11.2025
1890 11.3188
1891 11.153
1892 11.4092
1893 11.2658
1894 11.0337
1895 10.9611
1896 11.2103
1897 11.5191
1898 11.6143
1899 11.1362
1900 11.2944
1901 11.3661
1902 11.3277
1903 10.8727
1904 11.201
1905 10.9972
1906 11.1585
1907 11.1246
1908 11.2958
1909 11.2144
1910 11.7228
1911 11.3794
1912 10.8214
1913 11.0543
1914 11.4079
1915 11.9275
1916 12.1532
1917 12.2144
1918 12.1349
1919 11.4987
1920 11.4408
1921 11.559
1922 11.2884
1923 11.3412
1924 11.6107
1925 11.8284
1926 11.7534
1927 11.375
1928 11.1401
1929 10.7158
1930 11.2199
1931 11.4014
1932 11.6822
1933 11.9327
1934 11.4596
1935 11.3285
1936 11.7296
1937 11.2821
1938 11.887
1939 11.9431
1940 11.3704
1941 11.2988
1942 10.8272
1943 10.7734
1944 10.7874
1945 10.7463
1946 10.5134
1947 10.6747
1948 11.077
1949 10.8339
1950 10.7846
1951 11.3951
1952 11.0421
1953 10.629
1954 10.4701
1955 10.6841
1956 10.6021
1957 10.7841
1958 11.1352
1959 11.3068
1960 11.1287
1961 11.0807
1962 11.3419
1963 11.0277
1964 11.2562
1965 11.1701
1966 11.2236
1967 11.6649
1968 11.2527
1969 11.0918
1970 11.2717
1971 11.5593
1972 11.2601
1973 11.2509
1974 11.2401
1975 11.6061
1976 11.0298
1977 10.9603
1978 10.7671
1979 10.5791
1980 11.216
1981 11.2306
1982 11.1968
1983 11.4221
1984 10.8575
1985 10.9202
1986 11.0943
1987 10.9287
1988 10.9207
1989 11.056
1990 11.2659
1991 11.6619
1992 11.8393
1993 12.2695
1994 12.0256
1995 11.6093
1996 11.9777
1997 11.9311
1998 11.4093
1999 11.3471
2000 11.5373
