1 26.0417
2 25.8521
3 24.1773
4 24.1773
5 23.4449
6 22.7017
7 22.7017
8 21.0662
9 21.0662
10 21.0662
11 21.0662
12 20.6939
13 20.1199
14 20.1199
15 19.7472
16 19.7472
17 19.7472
18 19.6378
19 19.4194
20 18.414
21 18.414
22 18.1053
23 18.1053
24 17.5989
25 17.2828
26 17.1035
27 17.1035
28 16.582
29 16.2977
30 15.9647
31 15.9647
32 15.9647
33 15.9358
34 15.9358
35 15.8376
36 15.8185
37 15.6773
38 15.6773
39 15.111
40 14.882
41 14.882
42 14.882
43 14.882
44 14.882
45 14.882
46 14.7147
47 14.7147
48 14.7147
49 14.7147
50 14.7147
51 14.7147
52 14.7147
53 14.6743
54 14.6533
55 14.6533
56 14.6533
57 14.6128
58 14.6128
59 14.6128
60 14.6128
61 14.5873
62 14.4726
63 14.4726
64 14.4726
65 14.4726
66 14.4726
67 13.7789
68 13.4458
69 13.4256
70 13.4256
71 13.1582
72 13.1379
73 13.1379
74 13.1379
75 12.9809
76 12.9809
77 12.9024
78 12.7826
79 12.7826
80 12.3973
81 12.3973
82 12.3973
83 12.3973
84 12.3973
85 12.3973
86 12.3973
87 12.2556
88 11.9791
89 11.9791
90 11.9258
91 11.9258
92 11.9258
93 11.6492
94 11.6492
95 11.6492
96 11.6492
97 11.6492
98 11.6366
99 11.6366
100 11.6366
101 11.6366
102 11.6342
103 11.6342
104 11.6342
105 11.6342
106 11.634
107 11.6317
108 11.6317
109 11.6317
110 11.6317
111 11.6317
112 11.6317
113 11.6317
114 11.6317
115 11.6317
116 11.6317
117 11.6317
118 11.6317
119 11.6317
120 11.6317
121 11.47
122 11.47
123 11.47
124 11.47
125 11.47
126 11.47
127 11.47
128 11.47
129 11.47
130 11.3877
131 11.3877
132 11.3877
133 11.3877
134 11.3877
135 11.3777
136 11.3777
137 11.3777
138 11.3777
139 11.3777
140 11.3777
141 11.3777
142 11.3392
143 11.3094
144 11.3094
145 11.3094
146 11.3094
147 11.3094
148 11.3094
149 11.3094
150 11.3094
151 11.3094
152 11.3094
153 11.3094
154 11.3094
155 11.3094
156 11.3094
157 11.3094
158 11.3094
159 11.3094
160 11.3094
161 11.3094
162 11.3094
163 11.3094
164 10.8712
165 10.8028
166 10.8028
167 10.7378
168 10.5495
169 10.5495
170 10.5495
171 10.5495
172 10.5495
173 10.4745
174 10.4745
175 10.4745
176 10.4745
177 10.4745
178 10.4745
179 10.4745
180 10.4745
181 10.4745
182 10.4745
183 10.4745
184 10.4745
185 10.4745
186 10.4745
187 10.4745
188 10.4745
189 10.4745
190 10.4745
191 10.4745
192 10.3387
193 10.3387
194 10.3387
195 10.3387
196 10.3387
197 10.3387
198 10.3387
199 10.3387
200 10.3387
201 10.3387
202 10.3387
203 10.3387
204 10.3387
205 10.3387
206 10.3387
207 10.3387
208 10.3387
209 10.3387
210 10.3387
211 10.3387
212 10.3387
213 10.3387
214 10.3387
215 10.3387
216 10.3387
217 10.3387
218 10.3387
219 10.3387
220 10.3387
221 10.3387
222 10.3387
223 10.3387
224 10.3387
225 10.3387
226 10.3387
227 10.3387
228 10.3387
229 10.3387
230 10.3387
231 10.3387
232 10.3387
233 10.3387
234 10.3387
235 10.3387
236 10.3387
237 10.3387
238 10.3387
239 10.3387
240 10.3387
241 10.3387
242 10.3387
243 10.3387
244 10.3387
245 10.3387
246 10.3387
247 10.3387
248 10.3387
249 10.3387
250 10.3387
251 10.3387
252 10.3387
253 10.3387
254 10.3387
255 10.3387
256 10.3387
257 10.3387
258 10.3387
259 10.3387
260 10.3387
261 10.3387
262 10.3387
263 10.3387
264 10.3387
265 10.3387
266 10.3387
267 10.3387
268 10.3387
269 10.3387
270 10.3387
271 10.3387
272 10.3387
273 10.3387
274 10.3387
275 10.3387
276 10.3387
277 10.3387
278 10.3387
279 10.3387
280 10.3387
281 10.3387
282 10.3387
283 10.3387
284 10.3387
285 10.3387
286 10.3387
287 10.3387
288 10.3387
289 10.3387
290 10.3387
291 10.3387
292 10.3387
293 10.3387
294 10.3387
295 10.3387
296 10.3387
297 10.3387
298 10.3387
299 10.3387
300 10.3387
301 10.3387
302 10.3387
303 10.3387
304 10.3387
305 10.3387
306 10.3387
307 10.3387
308 10.3387
309 10.3387
310 10.3387
311 10.3387
312 10.3387
313 10.3387
314 10.3387
315 10.3387
316 10.3387
317 10.3387
318 10.3387
319 10.3387
320 10.3387
321 10.3387
322 10.3387
323 10.3387
324 10.3387
325 10.3387
326 10.3387
327 10.3387
328 10.3387
329 10.3387
330 10.3387
331 10.3387
332 10.3387
333 10.3387
334 10.3387
335 10.3387
336 10.3387
337 10.3387
338 10.3387
339 10.3387
340 10.3387
341 10.3387
342 10.3387
343 10.3387
344 10.3387
345 10.3387
346 10.3387
347 10.3387
348 10.3387
349 10.3387
350 10.3387
351 10.3387
352 10.3387
353 10.3387
354 10.3387
355 10.3387
356 10.3387
357 10.3387
358 10.3387
359 10.3387
360 10.3387
361 10.3387
362 10.3387
363 10.3387
364 10.3387
365 10.3387
366 10.3387
367 10.3387
368 10.3387
369 10.3387
370 10.3387
371 10.3387
372 10.3387
373 10.3387
374 10.3387
375 10.3387
376 10.3387
377 10.3387
378 10.3387
379 10.3387
380 10.3387
381 10.3387
382 10.3387
383 10.3387
384 10.3387
385 10.3387
386 10.3387
387 10.3387
388 10.3387
389 10.3387
390 10.3387
391 10.3387
392 10.3387
393 10.3387
394 10.3387
395 10.3387
396 10.3387
397 10.3387
398 10.3387
399 10.3387
400 10.3387
401 10.3387
402 10.3387
403 10.3387
404 10.3387
405 10.3387
406 10.3387
407 10.3387
408 10.3387
409 10.3387
410 10.3387
411 10.3387
412 10.3387
413 10.3387
414 10.3387
415 10.3387
416 10.3387
417 10.3387
418 10.3387
419 10.3387
420 10.3387
421 10.3387
422 10.3387
423 10.3387
424 10.3387
425 10.3387
426 10.3387
427 10.3387
428 10.3387
429 10.3387
430 10.3387
431 10.3387
432 10.3387
433 10.3387
434 10.3387
435 10.3387
436 10.3387
437 10.3387
438 10.3387
439 10.3387
440 10.3387
441 10.3387
442 10.3387
443 10.3387
444 10.3387
445 10.3387
446 10.3387
447 10.3387
448 10.3387
449 10.3387
450 10.3387
451 10.3387
452 10.3387
453 10.3387
454 10.3387
455 10.3387
456 10.3387
457 10.3387
458 10.3387
459 10.3387
460 10.3387
461 10.3387
462 10.3387
463 10.3387
464 10.3387
465 10.3387
466 10.3387
467 10.3387
468 10.3387
469 10.3387
470 10.3387
471 10.3387
472 10.3387
473 10.3387
474 10.3387
475 10.3387
476 10.3387
477 10.3387
478 10.3387
479 10.3387
480 10.3387
481 10.3387
482 10.3387
483 10.3387
484 10.3387
485 10.3387
486 10.3387
487 10.3387
488 10.3387
489 10.3387
490 10.3387
491 10.3387
492 10.3387
493 10.3387
494 10.3387
495 10.3387
496 10.3387
497 10.3387
498 10.3387
499 10.3387
500 10.3387
501 10.3387
502 10.3387
503 10.3387
504 10.3387
505 10.3387
506 10.3387
507 10.3387
508 10.3387
509 10.3387
510 10.3387
511 10.3387
512 10.3387
513 10.3387
514 10.3387
515 10.3387
516 10.3387
517 10.3387
518 10.3387
519 10.3387
520 10.3387
521 10.3387
522 10.3387
523 10.3387
524 10.3387
525 10.3387
526 10.3387
527 10.3387
528 10.3387
529 10.3387
530 10.3387
531 10.3387
532 10.3387
533 10.3387
534 10.3387
535 10.3387
536 10.3387
537 10.3387
538 10.3387
539 10.3387
540 10.3387
541 10.3387
542 10.3387
543 10.3387
544 10.3387
545 10.3387
546 10.3387
547 10.3387
548 10.3387
549 10.3387
550 10.3387
551 10.3387
552 10.3387
553 10.3387
554 10.3387
555 10.3387
556 10.3387
557 10.3387
558 10.3387
559 10.3387
560 10.3387
561 10.3387
562 10.3387
563 10.3387
564 10.3387
565 10.3387
566 10.3387
567 10.3387
568 10.3387
569 10.3387
570 10.3387
571 10.3387
572 10.3387
573 10.3387
574 10.3387
575 10.3387
576 10.3387
577 10.3387
578 10.3387
579 10.3387
580 10.3387
581 10.3387
582 10.3387
583 10.3387
584 10.3387
585 10.3387
586 10.3387
587 10.3387
588 10.3387
589 10.3387
590 10.3387
591 10.3387
592 10.3387
593 10.3387
594 10.3387
595 10.3387
596 10.3387
597 10.3387
598 10.3387
599 10.3387
600 10.3387
601 10.3387
602 10.3387
603 10.3387
604 10.3387
605 10.3387
606 10.3387
607 10.3387
608 10.3387
609 10.3387
610 10.3387
611 10.3387
612 10.3387
613 10.3387
614 10.3387
615 10.3387
616 10.3387
617 10.3387
618 10.3387
619 10.3387
620 10.3387
621 10.3387
622 10.3387
623 10.3387
624 10.3387
625 10.3387
626 10.3387
627 10.3387
628 10.3387
629 10.3387
630 10.3387
631 10.3387
632 10.3387
633 10.3387
634 10.3387
635 10.3387
636 10.3387
637 10.3387
638 10.3387
639 10.3387
640 10.3387
641 10.3387
642 10.3387
643 10.3387
644 10.3387
645 10.3387
646 10.3387
647 10.3387
648 10.3387
649 10.3387
650 10.3387
651 10.3387
652 10.3387
653 10.3387
654 10.3387
655 10.3387
656 10.3387
657 10.3387
658 10.3387
659 10.3387
660 10.3387
661 10.3387
662 10.3387
663 10.3387
664 10.3387
665 10.3387
666 10.3387
667 10.3387
668 10.3387
669 10.3387
670 10.3387
671 10.3387
672 10.3387
673 10.3387
674 10.3387
675 10.3387
676 10.3387
677 10.3387
678 10.3387
679 10.3387
680 10.3387
681 10.3387
682 10.3387
683 10.3387
684 10.3387
685 10.3387
686 10.3387
687 10.3387
688 10.3387
689 10.3387
690 10.3387
691 10.3387
692 10.3387
693 10.3387
694 10.3387
695 10.3387
696 10.3387
697 10.3387
698 10.3387
699 10.3387
700 10.3387
701 10.3387
702 10.3387
703 10.3387
704 10.3387
705 10.3387
706 10.3387
707 10.3387
708 10.3387
709 10.3387
710 10.3387
711 10.3387
712 10.3387
713 10.3387
714 10.3387
715 10.3387
716 10.3387
717 10.3387
718 10.3387
719 10.3387
720 10.3387
721 10.3387
722 10.3387
723 10.3387
724 10.3387
725 10.3387
726 10.3387
727 10.3387
728 10.3387
729 10.3387
730 10.3387
731 10.3387
732 10.3387
733 10.3387
734 10.3387
735 10.3387
736 10.3387
737 10.3387
738 10.3387
739 10.3387
740 10.3387
741 10.3387
742 10.3387
743 10.3387
744 10.3387
745 10.3387
746 10.3387
747 10.3387
748 10.3387
749 10.3387
750 10.3387
751 10.3387
752 10.3387
753 10.3387
754 10.3387
755 10.3387
756 10.3387
757 10.3387
758 10.3387
759 10.3387
760 10.3387
761 10.3387
762 10.3387
763 10.3387
764 10.3387
765 10.3387
766 10.3387
767 10.3387
768 10.3387
769 10.3387
770 10.3387
771 10.3387
772 10.3387
773 10.3387
774 10.3387
775 10.3387
776 10.3387
777 10.3387
778 10.3387
779 10.3387
780 10.3387
781 10.3387
782 10.3387
783 10.3387
784 10.3387
785 10.3387
786 10.3387
787 10.3387
788 10.3387
789 10.3387
790 10.3387
791 10.3387
792 10.3387
793 10.3387
794 10.3387
795 10.3387
796 10.3387
797 10.3387
798 10.3387
799 10.3387
800 10.3387
801 10.3387
802 10.3387
803 10.3387
804 10.3387
805 10.3387
806 10.3387
807 10.3387
808 10.3387
809 10.3387
810 10.3387
811 10.3387
812 10.3387
813 10.3387
814 10.3387
815 10.3387
816 10.3387
817 10.3387
818 10.3387
819 10.3387
820 10.3387
821 10.3387
822 10.3387
823 10.3387
824 10.3387
825 10.3387
826 10.3387
827 10.3387
828 10.3387
829 10.3387
830 10.3387
831 10.3387
832 10.3387
833 10.3387
834 10.3387
835 10.3387
836 10.3387
837 10.3387
838 10.3387
839 10.3387
840 10.3387
841 10.3387
842 10.3387
843 10.3387
844 10.3387
845 10.3387
846 10.3387
847 10.3387
848 10.3387
849 10.3387
850 10.3387
851 10.3387
852 10.3387
853 10.3387
854 10.3387
855 10.3387
856 10.3387
857 10.3387
858 10.3387
859 10.3387
860 10.3387
861 10.3387
862 10.3387
863 10.3387
864 10.3387
865 10.3387
866 10.3387
867 10.3387
868 10.3387
869 10.3387
870 10.3387
871 10.3387
872 10.3387
873 10.3387
874 10.3387
875 10.3387
876 10.3387
877 10.3387
878 10.3387
879 10.3387
880 10.3387
881 10.3387
882 10.3387
883 10.3387
884 10.3387
885 10.3387
886 10.3387
887 10.3387
888 10.3387
889 10.3387
890 10.3387
891 10.3387
892 10.3387
893 10.3387
894 10.3387
895 10.3387
896 10.3387
897 10.3387
898 10.3387
899 10.3387
900 10.3387
901 10.3387
902 10.3387
903 10.3387
904 10.3387
905 10.3387
906 10.3387
907 10.3387
908 10.3387
909 10.3387
910 10.3387
911 10.3387
912 10.3387
913 10.3387
914 10.3387
915 10.3387
916 10.3387
917 10.3387
918 10.3387
919 10.3387
920 10.3387
921 10.3387
922 10.3387
923 10.3387
924 10.3387
925 10.3387
926 10.3387
927 10.3387
928 10.3387
929 10.3387
930 10.3387
931 10.3387
932 10.3387
933 10.3387
934 10.3387
935 10.3387
936 10.3387
937 10.3387
938 10.3387
939 10.3387
940 10.3387
941 10.3387
942 10.3387
943 10.3387
944 10.3387
945 10.3387
946 10.3387
947 10.3387
948 10.3387
949 10.3387
950 10.3387
951 10.3387
952 10.3387
953 10.3387
954 10.3387
955 10.3387
956 10.3387
957 10.3387
958 10.3387
959 10.3387
960 10.3387
961 10.3387
962 10.3387
963 10.3387
964 10.3387
965 10.3387
966 10.3387
967 10.3387
968 10.3387
969 10.3387
970 10.3387
971 10.3387
972 10.3387
973 10.3387
974 10.3387
975 10.3387
976 10.3387
977 10.3387
978 10.3387
979 10.3387
980 10.3387
981 10.3387
982 10.3387
983 10.3387
984 10.3387
985 10.3387
986 10.3387
987 10.3387
988 10.3387
989 10.3387
990 10.3387
991 10.3387
992 10.3387
993 10.3387
994 10.3387
995 10.3387
996 10.3387
997 10.3387
998 10.3387
999 10.3387
1000 10.3387
1001 10.3387
1002 10.3387
1003 10.3387
1004 10.3387
1005 10.3387
1006 10.3387
1007 10.3387
1008 10.3387
1009 10.3387
1010 10.3387
1011 10.3387
1012 10.3387
1013 10.3387
1014 10.3387
1015 10.3387
1016 10.3387
1017 10.3387
1018 10.3387
1019 10.3387
1020 10.3387
1021 10.3387
1022 10.3387
1023 10.3387
1024 10.3387
1025 10.3387
1026 10.3387
1027 10.3387
1028 10.3387
1029 10.3387
1030 10.3387
1031 10.3387
1032 10.3387
1033 10.3387
1034 10.3387
1035 10.3387
1036 10.3387
1037 10.3387
1038 10.3387
1039 10.3387
1040 10.3387
1041 10.3387
1042 10.3387
1043 10.3387
1044 10.3387
1045 10.3387
1046 10.3387
1047 10.3387
1048 10.3387
1049 10.3387
1050 10.3387
1051 10.3387
1052 10.3387
1053 10.3387
1054 10.3387
1055 10.3387
1056 10.3387
1057 10.3387
1058 10.3387
1059 10.3387
1060 10.3387
1061 10.3387
1062 10.3387
1063 10.3387
1064 10.3387
1065 10.3387
1066 10.3387
1067 10.3387
1068 10.3387
1069 10.3387
1070 10.3387
1071 10.3387
1072 10.3387
1073 10.3387
1074 10.3387
1075 10.3387
1076 10.3387
1077 10.3387
1078 10.3387
1079 10.3387
1080 10.3387
1081 10.3387
1082 10.3387
1083 10.3387
1084 10.3387
1085 10.3387
1086 10.3387
1087 10.3387
1088 10.3387
1089 10.3387
1090 10.3387
1091 10.3387
1092 10.3387
1093 10.3387
1094 10.3387
1095 10.3387
1096 10.3387
1097 10.3387
1098 10.3387
1099 10.3387
1100 10.3387
1101 10.3387
1102 10.3387
1103 10.3387
1104 10.3387
1105 10.3387
1106 10.3387
1107 10.3387
1108 10.3387
1109 10.3387
1110 10.3387
1111 10.3387
1112 10.3387
1113 10.3387
1114 10.3387
1115 10.3387
1116 10.3387
1117 10.3387
1118 10.3387
1119 10.3387
1120 10.3387
1121 10.3387
1122 10.3387
1123 10.3387
1124 10.3387
1125 10.3387
1126 10.3387
1127 10.3387
1128 10.3387
1129 10.3387
1130 10.3387
1131 10.3387
1132 10.3387
1133 10.3387
1134 10.3387
1135 10.3387
1136 10.3387
1137 10.3387
1138 10.3387
1139 10.3387
1140 10.3387
1141 10.3387
1142 10.3387
1143 10.3387
1144 10.3387
1145 10.3387
1146 10.3387
1147 10.3387
1148 10.3387
1149 10.3387
1150 10.3387
1151 10.3387
1152 10.3387
1153 10.3387
1154 10.3387
1155 10.3387
1156 10.3387
1157 10.3387
1158 10.3387
1159 10.3387
1160 10.3387
1161 10.3387
1162 10.3387
1163 10.3387
1164 10.3387
1165 10.3387
1166 10.3387
1167 10.3387
1168 10.3387
1169 10.3387
1170 10.3387
1171 10.3387
1172 10.3387
1173 10.3387
1174 10.3387
1175 10.3387
1176 10.3387
1177 10.3387
1178 10.3387
1179 10.3387
1180 10.3387
1181 10.3387
1182 10.3387
1183 10.3387
1184 10.3387
1185 10.3387
1186 10.3387
1187 10.3387
1188 10.3387
1189 10.3387
1190 10.3387
1191 10.3387
1192 10.3387
1193 10.3387
1194 10.3387
1195 10.3387
1196 10.3387
1197 10.3387
1198 10.3387
1199 10.3387
1200 10.3387
1201 10.3387
1202 10.3387
1203 10.3387
1204 10.3387
1205 10.3387
1206 10.3387
1207 10.3387
1208 10.3387
1209 10.3387
1210 10.3387
1211 10.3387
1212 10.3387
1213 10.3387
1214 10.3387
1215 10.3387
1216 10.3387
1217 10.3387
1218 10.3387
1219 10.3387
1220 10.3387
1221 10.3387
1222 10.3387
1223 10.3387
1224 10.3387
1225 10.3387
1226 10.3387
1227 10.3387
1228 10.3387
1229 10.3387
1230 10.3387
1231 10.3387
1232 10.3387
1233 10.3387
1234 10.3387
1235 10.3387
1236 10.3387
1237 10.3387
1238 10.3387
1239 10.3387
1240 10.3387
1241 10.3387
1242 10.3387
1243 10.3387
1244 10.3387
1245 10.3387
1246 10.3387
1247 10.3387
1248 10.3387
1249 10.3387
1250 10.3387
1251 10.3387
1252 10.3387
1253 10.3387
1254 10.3387
1255 10.3387
1256 10.3387
1257 10.3387
1258 10.3387
1259 10.3387
1260 10.3387
1261 10.3387
1262 10.3387
1263 10.3387
1264 10.3387
1265 10.3387
1266 10.3387
1267 10.3387
1268 10.3387
1269 10.3387
1270 10.3387
1271 10.3387
1272 10.3387
1273 10.3387
1274 10.3387
1275 10.3387
1276 10.3387
1277 10.3387
1278 10.3387
1279 10.3387
1280 10.3387
1281 10.3387
1282 10.3387
1283 10.3387
1284 10.3387
1285 10.3387
1286 10.3387
1287 10.3387
1288 10.3387
1289 10.3387
1290 10.3387
1291 10.3387
1292 10.3387
1293 10.3387
1294 10.3387
1295 10.3387
1296 10.3387
1297 10.3387
1298 10.3387
1299 10.3387
1300 10.3387
1301 10.3387
1302 10.3387
1303 10.3387
1304 10.3387
1305 10.3387
1306 10.3387
1307 10.3387
1308 10.3387
1309 10.3387
1310 10.3387
1311 10.3387
1312 10.3387
1313 10.3387
1314 10.3387
1315 10.3387
1316 10.3387
1317 10.3387
1318 10.3387
1319 10.3387
1320 10.3387
1321 10.3387
1322 10.3387
1323 10.3387
1324 10.3387
1325 10.3387
1326 10.3387
1327 10.3387
1328 10.3387
1329 10.3387
1330 10.3387
1331 10.3387
1332 10.3387
1333 10.3387
1334 10.3387
1335 10.3387
1336 10.3387
1337 10.3387
1338 10.3387
1339 10.3387
1340 10.3387
1341 10.3387
1342 10.3387
1343 10.3387
1344 10.3387
1345 10.3387
1346 10.3387
1347 10.3387
1348 10.3387
1349 10.3387
1350 10.3387
1351 10.3387
1352 10.3387
1353 10.3387
1354 10.3387
1355 10.3387
1356 10.3387
1357 10.3387
1358 10.3387
1359 10.3387
1360 10.3387
1361 10.3387
1362 10.3387
1363 10.3387
1364 10.3387
1365 10.3387
1366 10.3387
1367 10.3387
1368 10.3387
1369 10.3387
1370 10.3387
1371 10.3387
1372 10.3387
1373 10.3387
1374 10.3387
1375 10.3387
1376 10.3387
1377 10.3387
1378 10.3387
1379 10.3387
1380 10.3387
1381 10.3387
1382 10.3387
1383 10.3387
1384 10.3387
1385 10.3387
1386 10.3387
1387 10.3387
1388 10.3387
1389 10.3387
1390 10.3387
1391 10.3387
1392 10.3387
1393 10.3387
1394 10.3387
1395 10.3387
1396 10.3387
1397 10.3387
1398 10.3387
1399 10.3387
1400 10.3387
1401 10.3387
1402 10.3387
1403 10.3387
1404 10.3387
1405 10.3387
1406 10.3387
1407 10.3387
1408 10.3387
1409 10.3387
1410 10.3387
1411 10.3387
1412 10.3387
1413 10.3387
1414 10.3387
1415 10.3387
1416 10.3387
1417 10.3387
1418 10.3387
1419 10.3387
1420 10.3387
1421 10.3387
1422 10.3387
1423 10.3387
1424 10.3387
1425 10.3387
1426 10.3387
1427 10.3387
1428 10.3387
1429 10.3387
1430 10.3387
1431 10.3387
1432 10.3387
1433 10.3387
1434 10.3387
1435 10.3387
1436 10.3387
1437 10.3387
1438 10.3387
1439 10.3387
1440 10.3387
1441 10.3387
1442 10.3387
1443 10.3387
1444 10.3387
1445 10.3387
1446 10.3387
1447 10.3387
1448 10.3387
1449 10.3387
1450 10.3387
1451 10.3387
1452 10.3387
1453 10.3387
1454 10.3387
1455 10.3387
1456 10.3387
1457 10.3387
1458 10.3387
1459 10.3387
1460 10.3387
1461 10.3387
1462 10.3387
1463 10.3387
1464 10.3387
1465 10.3387
1466 10.3387
1467 10.3387
1468 10.3387
1469 10.3387
1470 10.3387
1471 10.3387
1472 10.3387
1473 10.3387
1474 10.3387
1475 10.3387
1476 10.3387
1477 10.3387
1478 10.3387
1479 10.3387
1480 10.3387
1481 10.3387
1482 10.3387
1483 10.3387
1484 10.3387
1485 10.3387
1486 10.3387
1487 10.3387
1488 10.3387
1489 10.3387
1490 10.3387
1491 10.3387
1492 10.3387
1493 10.3387
1494 10.3387
1495 10.3387
1496 10.3387
1497 10.3387
1498 10.3387
1499 10.3387
1500 10.3387
1501 10.3387
1502 10.3387
1503 10.3387
1504 10.3387
1505 10.3387
1506 10.3387
1507 10.3387
1508 10.3387
1509 10.3387
1510 10.3387
1511 10.3387
1512 10.3387
1513 10.3387
1514 10.3387
1515 10.3387
1516 10.3387
1517 10.3387
1518 10.3387
1519 10.3387
1520 10.3387
1521 10.3387
1522 10.3387
1523 10.3387
1524 10.3387
1525 10.3387
1526 10.3387
1527 10.3387
1528 10.3387
1529 10.3387
1530 10.3387
1531 10.3387
1532 10.3387
1533 10.3387
1534 10.3387
1535 10.3387
1536 10.3387
1537 10.3387
1538 10.3387
1539 10.3387
1540 10.3387
1541 10.3387
1542 10.3387
1543 10.3387
1544 10.3387
1545 10.3387
1546 10.3387
1547 10.3387
1548 10.3387
1549 10.3387
1550 10.3387
1551 10.3387
1552 10.3387
1553 10.3387
1554 10.3387
1555 10.3387
1556 10.3387
1557 10.3387
1558 10.3387
1559 10.3387
1560 10.3387
1561 10.3387
1562 10.3387
1563 10.3387
1564 10.3387
1565 10.3387
1566 10.3387
1567 10.3387
1568 10.3387
1569 10.3387
1570 10.3387
1571 10.3387
1572 10.3387
1573 10.3387
1574 10.3387
1575 10.3387
1576 10.3387
1577 10.3387
1578 10.3387
1579 10.3387
1580 10.3387
1581 10.3387
1582 10.3387
1583 10.3387
1584 10.3387
1585 10.3387
1586 10.3387
1587 10.3387
1588 10.3387
1589 10.3387
1590 10.3387
1591 10.3387
1592 10.3387
1593 10.3387
1594 10.3387
1595 10.3387
1596 10.3387
1597 10.3387
1598 10.3387
1599 10.3387
1600 10.3387
1601 10.3387
1602 10.3387
1603 10.3387
1604 10.3387
1605 10.3387
1606 10.3387
1607 10.3387
1608 10.3387
1609 10.3387
1610 10.3387
1611 10.3387
1612 10.3387
1613 10.3387
1614 10.3387
1615 10.3387
1616 10.3387
1617 10.3387
1618 10.3387
1619 10.3387
1620 10.3387
1621 10.3387
1622 10.3387
1623 10.3387
1624 10.3387
1625 10.3387
1626 10.3387
1627 10.3387
1628 10.3387
1629 10.3387
1630 10.3387
1631 10.3387
1632 10.3387
1633 10.3387
1634 10.3387
1635 10.3387
1636 10.3387
1637 10.3387
1638 10.3387
1639 10.3387
1640 10.3387
1641 10.3387
1642 10.3387
1643 10.3387
1644 10.3387
1645 10.3387
1646 10.3387
1647 10.3387
1648 10.3387
1649 10.3387
1650 10.3387
1651 10.3387
1652 10.3387
1653 10.3387
1654 10.3387
1655 10.3387
1656 10.3387
1657 10.3387
1658 10.3387
1659 10.3387
1660 10.3387
1661 10.3387
1662 10.3387
1663 10.3387
1664 10.3387
1665 10.3387
1666 10.3387
1667 10.3387
1668 10.3387
1669 10.3387
1670 10.3387
1671 10.3387
1672 10.3387
1673 10.3387
1674 10.3387
1675 10.3387
1676 10.3387
1677 10.3387
1678 10.3387
1679 10.3387
1680 10.3387
1681 10.3387
1682 10.3387
1683 10.3387
1684 10.3387
1685 10.3387
1686 10.3387
1687 10.3387
1688 10.3387
1689 10.3387
1690 10.3387
1691 10.3387
1692 10.3387
1693 10.3387
1694 10.3387
1695 10.3387
1696 10.3387
1697 10.3387
1698 10.3387
1699 10.3387
1700 10.3387
1701 10.3387
1702 10.3387
1703 10.3387
1704 10.3387
1705 10.3387
1706 10.3387
1707 10.3387
1708 10.3387
1709 10.3387
1710 10.3387
1711 10.3387
1712 10.3387
1713 10.3387
1714 10.3387
1715 10.3387
1716 10.3387
1717 10.3387
1718 10.3387
1719 10.3387
1720 10.3387
1721 10.3387
1722 10.3387
1723 10.3387
1724 10.3387
1725 10.3387
1726 10.3387
1727 10.3387
1728 10.3387
1729 10.3387
1730 10.3387
1731 10.3387
1732 10.3387
1733 10.3387
1734 10.3387
1735 10.3387
1736 10.3387
1737 10.3387
1738 10.3387
1739 10.3387
1740 10.3387
1741 10.3387
1742 10.3387
1743 10.3387
1744 10.3387
1745 10.3387
1746 10.3387
1747 10.3387
1748 10.3387
1749 10.3387
1750 10.3387
1751 10.3387
1752 10.3387
1753 10.3387
1754 10.3387
1755 10.3387
1756 10.3387
1757 10.3387
1758 10.3387
1759 10.3387
1760 10.3387
1761 10.3387
1762 10.3387
1763 10.3387
1764 10.3387
1765 10.3387
1766 10.3387
1767 10.3387
1768 10.3387
1769 10.3387
1770 10.3387
1771 10.3387
1772 10.3387
1773 10.3387
1774 10.3387
1775 10.3387
1776 10.3387
1777 10.3387
1778 10.3387
1779 10.3387
1780 10.3387
1781 10.3387
1782 10.3387
1783 10.3387
1784 10.3387
1785 10.3387
1786 10.3387
1787 10.3387
1788 10.3387
1789 10.3387
1790 10.3387
1791 10.3387
1792 10.3387
1793 10.3387
1794 10.3387
1795 10.3387
1796 10.3387
1797 10.3387
1798 10.3387
1799 10.3387
1800 10.3387
1801 10.3387
1802 10.3387
1803 10.3387
1804 10.3387
1805 10.3387
1806 10.3387
1807 10.3387
1808 10.3387
1809 10.3387
1810 10.3387
1811 10.3387
1812 10.3387
1813 10.3387
1814 10.3387
1815 10.3387
1816 10.3387
1817 10.3387
1818 10.3387
1819 10.3387
1820 10.3387
1821 10.3387
1822 10.3387
1823 10.3387
1824 10.3387
1825 10.3387
1826 10.3387
1827 10.3387
1828 10.3387
1829 10.3387
1830 10.3387
1831 10.3387
1832 10.3387
1833 10.3387
1834 10.3387
1835 10.3387
1836 10.3387
1837 10.3387
1838 10.3387
1839 10.3387
1840 10.3387
1841 10.3387
1842 10.3387
1843 10.3387
1844 10.3387
1845 10.3387
1846 10.3387
1847 10.3387
1848 10.3387
1849 10.3387
1850 10.3387
1851 10.3387
1852 10.3387
1853 10.3387
1854 10.3387
1855 10.3387
1856 10.3387
1857 10.3387
1858 10.3387
1859 10.3387
1860 10.3387
1861 10.3387
1862 10.3387
1863 10.3387
1864 10.3387
1865 10.3387
1866 10.3387
1867 10.3387
1868 10.3387
1869 10.3387
1870 10.3387
1871 10.3387
1872 10.3387
1873 10.3387
1874 10.3387
1875 10.3387
1876 10.3387
1877 10.3387
1878 10.3387
1879 10.3387
1880 10.3387
1881 10.3387
1882 10.3387
1883 10.3387
1884 10.3387
1885 10.3387
1886 10.3387
1887 10.3387
1888 10.3387
1889 10.3387
1890 10.3387
1891 10.3387
1892 10.3387
1893 10.3387
1894 10.3387
1895 10.3387
1896 10.3387
1897 10.3387
1898 10.3387
1899 10.3387
1900 10.3387
1901 10.3387
1902 10.3387
1903 10.3387
1904 10.3387
1905 10.3387
1906 10.3387
1907 10.3387
1908 10.3387
1909 10.3387
1910 10.3387
1911 10.3387
1912 10.3387
1913 10.3387
1914 10.3387
1915 10.3387
1916 10.3387
1917 10.3387
1918 10.3387
1919 10.3387
1920 10.3387
1921 10.3387
1922 10.3387
1923 10.3387
1924 10.3387
1925 10.3387
1926 10.3387
1927 10.3387
1928 10.3387
1929 10.3387
1930 10.3387
1931 10.3387
1932 10.3387
1933 10.3387
1934 10.3387
1935 10.3387
1936 10.3387
1937 10.3387
1938 10.3387
1939 10.3387
1940 10.3387
1941 10.3387
1942 10.3387
1943 10.3387
1944 10.3387
1945 10.3387
1946 10.3387
1947 10.3387
1948 10.3387
1949 10.3387
1950 10.3387
1951 10.3387
1952 10.3387
1953 10.3387
1954 10.3387
1955 10.3387
1956 10.3387
1957 10.3387
1958 10.3387
1959 10.3387
1960 10.3387
1961 10.3387
1962 10.3387
1963 10.3387
1964 10.3387
1965 10.3387
1966 10.3387
1967 10.3387
1968 10.3387
1969 10.3387
1970 10.3387
1971 10.3387
1972 10.3387
1973 10.3387
1974 10.3387
1975 10.3387
1976 10.3387
1977 10.3387
1978 10.3387
1979 10.3387
1980 10.3387
1981 10.3387
1982 10.3387
1983 10.3387
1984 10.3387
1985 10.3387
1986 10.3387
1987 10.3387
1988 10.3387
1989 10.3387
1990 10.3387
1991 10.3387
1992 10.3387
1993 10.3387
1994 10.3387
1995 10.3387
1996 10.3387
1997 10.3387
1998 10.3387
1999 10.3387
2000 10.3387
