1 27.6814
2 27.6814
3 27.1508
4 25.326
5 23.0166
6 21.8808
7 21.1299
8 21.1299
9 20.8683
10 20.4911
11 20.4911
12 20.0213
13 19.4804
14 18.4796
15 18.8098
16 18.2689
17 17.6306
18 17.3419
19 17.2156
20 16.3069
21 16.3069
22 16.3069
23 16.3069
24 16.3069
25 16.2619
26 15.6897
27 15.6897
28 15.6897
29 14.826
30 14.826
31 14.826
32 14.826
33 14.7702
34 14.7702
35 14.7009
36 14.7009
37 14.7009
38 14.7009
39 14.7009
40 14.7009
41 14.7009
42 14.7009
43 14.1955
44 14.1955
45 14.1955
46 14.1955
47 14.1955
48 13.9657
49 13.9657
50 13.7646
51 13.7646
52 13.7646
53 13.7646
54 13.7396
55 13.6848
56 13.6848
57 13.432
58 13.4128
59 13.16
60 13.4128
61 13.2341
62 13.2149
63 12.9621
64 12.9621
65 12.9621
66 12.9621
67 12.8424
68 12.8424
69 12.8424
70 12.8424
71 12.8424
72 12.8424
73 12.8424
74 12.8424
75 12.8424
76 12.8424
77 12.8424
78 12.8424
79 12.8424
80 12.8156
81 12.8156
82 12.4188
83 12.4188
84 12.4188
85 12.4188
86 12.4188
87 12.4188
88 12.4188
89 12.4188
90 12.4188
91 12.4188
92 12.4188
93 12.4188
94 12.4188
95 12.4188
96 12.4188
97 12.4188
98 12.4188
99 12.4188
100 12.4188
101 12.4188
102 12.4188
103 12.4188
104 12.4188
105 12.4188
106 12.4188
107 12.4188
108 12.3715
109 12.3715
110 12.3715
111 12.3715
112 12.3715
113 12.3715
114 12.3715
115 12.3715
116 12.3715
117 12.3715
118 12.3715
119 12.3715
120 12.3715
121 11.8853
122 11.8853
123 11.8853
124 11.8464
125 11.8464
126 11.8464
127 11.8464
128 11.8464
129 11.8464
130 11.8464
131 11.8464
132 11.8464
133 11.8464
134 11.8464
135 11.767
136 11.767
137 11.767
138 11.7539
139 11.7539
140 11.7539
141 11.418
142 11.7539
143 11.6253
144 11.6062
145 11.4016
146 11.4016
147 11.4016
148 11.4016
149 11.4016
150 11.4016
151 11.378
152 11.378
153 11.378
154 11.378
155 11.378
156 11.378
157 11.378
158 11.378
159 11.378
160 11.378
161 11.378
162 11.378
163 11.378
164 11.378
165 11.3504
166 11.3504
167 11.3504
168 11.3504
169 11.3504
170 11.3504
171 11.1862
172 11.1862
173 11.1862
174 11.1862
175 11.1862
176 11.1862
177 11.1862
178 11.1862
179 11.1862
180 11.1862
181 11.1862
182 11.1862
183 11.1862
184 11.1862
185 11.1862
186 11.1862
187 11.1862
188 11.1862
189 11.1862
190 11.1862
191 10.9886
192 10.9886
193 10.9886
194 10.9886
195 10.9886
196 10.9886
197 10.9886
198 10.9886
199 10.9886
200 10.9886
201 10.9886
202 10.9886
203 10.9886
204 10.9886
205 10.9886
206 10.9886
207 10.9886
208 10.9886
209 10.9886
210 10.9886
211 10.9886
212 10.9886
213 10.9886
214 10.9886
215 10.9886
216 10.9886
217 10.9886
218 10.9622
219 10.7051
220 10.7051
221 10.7051
222 10.7051
223 10.7051
224 10.6826
225 10.6826
226 10.6826
227 10.6826
228 10.6826
229 10.6826
230 10.6826
231 10.6826
232 10.6826
233 10.6826
234 10.6826
235 10.6826
236 10.6826
237 10.6826
238 10.6826
239 10.6826
240 10.6826
241 10.6826
242 10.6826
243 10.6826
244 10.6826
245 10.6826
246 10.6826
247 10.6826
248 10.6826
249 10.6826
250 10.6826
251 10.6826
252 10.6826
253 10.6826
254 10.6826
255 10.6826
256 10.6826
257 10.6826
258 10.6826
259 10.6826
260 10.6826
261 10.6826
262 10.6826
263 10.6826
264 10.6826
265 10.6826
266 10.6826
267 10.6826
268 10.6826
269 10.6826
270 10.6826
271 10.6826
272 10.6826
273 10.6826
274 10.6826
275 10.6826
276 10.6826
277 10.6826
278 10.6826
279 10.6826
280 10.6826
281 10.6826
282 10.6826
283 10.6826
284 10.6826
285 10.6826
286 10.6826
287 10.6826
288 10.6826
289 10.6826
290 10.6826
291 10.6826
292 10.6826
293 10.6826
294 10.6826
295 10.6826
296 10.6826
297 10.6826
298 10.6826
299 10.6826
300 10.6826
301 10.6826
302 10.6826
303 10.6826
304 10.6826
305 10.6826
306 10.6826
307 10.6826
308 10.6826
309 10.6826
310 10.6826
311 10.6826
312 10.6826
313 10.6826
314 10.6826
315 10.6826
316 10.6826
317 10.6826
318 10.6826
319 10.6826
320 10.6826
321 10.6826
322 10.6826
323 10.6826
324 10.6826
325 10.6826
326 10.6826
327 10.6826
328 10.6826
329 10.6826
330 10.6826
331 10.6826
332 10.6826
333 10.6826
334 10.6826
335 10.6826
336 10.6826
337 10.6826
338 10.6826
339 10.6826
340 10.6826
341 10.5866
342 10.5866
343 10.5866
344 10.5866
345 10.5866
346 10.5866
347 10.5866
348 10.5866
349 10.5866
350 10.5866
351 10.5866
352 10.5866
353 10.5866
354 10.5866
355 10.5866
356 10.5866
357 10.5866
358 10.5866
359 10.5866
360 10.5866
361 10.5866
362 10.5866
363 10.5866
364 10.5866
365 10.5866
366 10.5866
367 10.5866
368 10.5866
369 10.5866
370 10.5866
371 10.5866
372 10.5866
373 10.5866
374 10.5866
375 10.5866
376 10.5866
377 10.5866
378 10.5866
379 10.5866
380 10.5866
381 10.5866
382 10.5866
383 10.5866
384 10.5866
385 10.5866
386 10.5866
387 10.5866
388 10.5866
389 10.5866
390 10.5866
391 10.5866
392 10.5866
393 10.5866
394 10.5866
395 10.5866
396 10.5866
397 10.5866
398 10.5866
399 10.5866
400 10.5866
401 10.5866
402 10.5866
403 10.5866
404 10.5866
405 10.5866
406 10.5866
407 10.5866
408 10.5866
409 10.5866
410 10.5866
411 10.5866
412 10.5866
413 10.5866
414 10.5866
415 10.5866
416 10.5866
417 10.5866
418 10.5866
419 10.5866
420 10.5866
421 10.5866
422 10.5866
423 10.5866
424 10.5866
425 10.5866
426 10.5866
427 10.5866
428 10.5866
429 10.5866
430 10.5866
431 10.5866
432 10.5866
433 10.5866
434 10.5866
435 10.5866
436 10.5866
437 10.5866
438 10.5866
439 10.5866
440 10.5866
441 10.5866
442 10.5866
443 10.5866
444 10.5866
445 10.5866
446 10.5866
447 10.5866
448 10.5866
449 10.5866
450 10.5866
451 10.5866
452 10.5866
453 10.5866
454 10.5866
455 10.5866
456 10.5866
457 10.5866
458 10.5866
459 10.5866
460 10.5866
461 10.5866
462 10.5866
463 10.5866
464 10.5866
465 10.5866
466 10.5866
467 10.5866
468 10.5866
469 10.5866
470 10.5866
471 10.5866
472 10.5866
473 10.5866
474 10.5866
475 10.5866
476 10.5866
477 10.5866
478 10.5866
479 10.5866
480 10.5866
481 10.5866
482 10.5866
483 10.5866
484 10.5866
485 10.5866
486 10.5866
487 10.5866
488 10.5866
489 10.5866
490 10.5866
491 10.5866
492 10.5866
493 10.5866
494 10.5866
495 10.5866
496 10.5866
497 10.5866
498 10.5866
499 10.5866
500 10.5866
501 10.5866
502 10.5866
503 10.5866
504 10.5866
505 10.5866
506 10.5866
507 10.5866
508 10.5866
509 10.5866
510 10.5866
511 10.5866
512 10.5866
513 10.5866
514 10.5866
515 10.5866
516 10.5866
517 10.5866
518 10.5866
519 10.5866
520 10.5866
521 10.5866
522 10.5866
523 10.5866
524 10.5866
525 10.5866
526 10.5866
527 10.5866
528 10.5866
529 10.5866
530 10.5866
531 10.5866
532 10.5866
533 10.5866
534 10.5866
535 10.5866
536 10.5866
537 10.5866
538 10.5866
539 10.5866
540 10.5866
541 10.5866
542 10.5866
543 10.5866
544 10.5866
545 10.5866
546 10.5866
547 10.5866
548 10.5866
549 10.5866
550 10.5866
551 10.5866
552 10.5866
553 10.5866
554 10.5866
555 10.5866
556 10.5866
557 10.5866
558 10.5866
559 10.5866
560 10.5866
561 10.5866
562 10.5866
563 10.5866
564 10.5866
565 10.5866
566 10.5866
567 10.5866
568 10.5866
569 10.5866
570 10.5866
571 10.5866
572 10.5866
573 10.5866
574 10.5866
575 10.5866
576 10.5866
577 10.5866
578 10.5866
579 10.5866
580 10.5866
581 10.5866
582 10.5866
583 10.5866
584 10.5866
585 10.5866
586 10.5866
587 10.5866
588 10.5866
589 10.5866
590 10.5866
591 10.5866
592 10.5866
593 10.5866
594 10.5866
595 10.5866
596 10.5866
597 10.5866
598 10.5866
599 10.5866
600 10.5866
601 10.5866
602 10.5866
603 10.5866
604 10.5866
605 10.5866
606 10.5866
607 10.5866
608 10.5866
609 10.5866
610 10.5866
611 10.5866
612 10.5866
613 10.5866
614 10.5866
615 10.5866
616 10.5866
617 10.5866
618 10.5866
619 10.5866
620 10.5866
621 10.5866
622 10.5866
623 10.5866
624 10.5866
625 10.5866
626 10.5866
627 10.5866
628 10.5866
629 10.5866
630 10.5866
631 10.5866
632 10.5866
633 10.5866
634 10.5866
635 10.5866
636 10.5866
637 10.5866
638 10.5866
639 10.5866
640 10.5866
641 10.5866
642 10.5866
643 10.5866
644 10.5866
645 10.5866
646 10.5866
647 10.5866
648 10.5866
649 10.5866
650 10.5866
651 10.5866
652 10.5866
653 10.5866
654 10.5866
655 10.5866
656 10.5866
657 10.5866
658 10.5866
659 10.5866
660 10.5866
661 10.5866
662 10.5866
663 10.5866
664 10.5866
665 10.5866
666 10.5866
667 10.5866
668 10.5866
669 10.5866
670 10.5866
671 10.5866
672 10.5866
673 10.5866
674 10.5866
675 10.5866
676 10.5866
677 10.5866
678 10.5866
679 10.5866
680 10.5866
681 10.5866
682 10.5866
683 10.5866
684 10.5866
685 10.5866
686 10.5866
687 10.5866
688 10.5866
689 10.5866
690 10.5866
691 10.5866
692 10.5866
693 10.5866
694 10.5866
695 10.5866
696 10.5866
697 10.5866
698 10.5866
699 10.5866
700 10.5866
701 10.5866
702 10.5866
703 10.5866
704 10.5866
705 10.5866
706 10.5866
707 10.5866
708 10.5866
709 10.5866
710 10.5866
711 10.5866
712 10.5866
713 10.5866
714 10.5866
715 10.5866
716 10.5866
717 10.5866
718 10.5866
719 10.5866
720 10.5866
721 10.5866
722 10.5866
723 10.5866
724 10.5866
725 10.5866
726 10.5866
727 10.5866
728 10.5866
729 10.5866
730 10.5866
731 10.5866
732 10.5866
733 10.5866
734 10.5866
735 10.5866
736 10.5866
737 10.5866
738 10.5866
739 10.5866
740 10.5866
741 10.5866
742 10.5866
743 10.5866
744 10.5866
745 10.5866
746 10.5866
747 10.5866
748 10.5866
749 10.5866
750 10.5866
751 10.5866
752 10.5866
753 10.5866
754 10.5866
755 10.5866
756 10.5866
757 10.5866
758 10.5866
759 10.5866
760 10.5866
761 10.5866
762 10.5866
763 10.5866
764 10.5866
765 10.5866
766 10.5866
767 10.5866
768 10.5866
769 10.5866
770 10.5866
771 10.5866
772 10.5866
773 10.5866
774 10.5866
775 10.5866
776 10.5866
777 10.5866
778 10.5866
779 10.5866
780 10.5866
781 10.5866
782 10.5866
783 10.5866
784 10.5866
785 10.5866
786 10.5866
787 10.5866
788 10.5866
789 10.5866
790 10.5866
791 10.5866
792 10.5866
793 10.5866
794 10.5866
795 10.5866
796 10.5866
797 10.5866
798 10.5866
799 10.5866
800 10.5866
801 10.5866
802 10.5866
803 10.5866
804 10.5866
805 10.5866
806 10.5866
807 10.5866
808 10.5866
809 10.5866
810 10.5866
811 10.5866
812 10.5866
813 10.5866
814 10.5866
815 10.5866
816 10.5866
817 10.5866
818 10.5866
819 10.5866
820 10.5866
821 10.5866
822 10.5866
823 10.5866
824 10.5866
825 10.5866
826 10.5866
827 10.5866
828 10.5866
829 10.5866
830 10.5866
831 10.5866
832 10.5866
833 10.5866
834 10.5866
835 10.5866
836 10.5866
837 10.5866
838 10.5866
839 10.5866
840 10.5866
841 10.5866
842 10.5866
843 10.5866
844 10.5866
845 10.5866
846 10.5866
847 10.5866
848 10.5866
849 10.5866
850 10.5866
851 10.5866
852 10.5866
853 10.5866
854 10.5866
855 10.5866
856 10.5866
857 10.5866
858 10.5866
859 10.5866
860 10.5866
861 10.5866
862 10.5866
863 10.5866
864 10.5866
865 10.5866
866 10.5866
867 10.5866
868 10.5866
869 10.5866
870 10.5866
871 10.5866
872 10.5866
873 10.5866
874 10.5866
875 10.5866
876 10.5866
877 10.5866
878 10.5866
879 10.5866
880 10.5866
881 10.5866
882 10.5866
883 10.5866
884 10.5866
885 10.5866
886 10.5866
887 10.5866
888 10.5866
889 10.5866
890 10.5866
891 10.5866
892 10.5866
893 10.5866
894 10.5866
895 10.5866
896 10.5866
897 10.5866
898 10.5866
899 10.5866
900 10.5866
901 10.5866
902 10.5866
903 10.5866
904 10.5866
905 10.5866
906 10.5866
907 10.5866
908 10.5866
909 10.5866
910 10.5866
911 10.5866
912 10.5866
913 10.5866
914 10.5866
915 10.5866
916 10.5866
917 10.5866
918 10.5866
919 10.5866
920 10.5866
921 10.5866
922 10.5866
923 10.5866
924 10.5866
925 10.5866
926 10.5866
927 10.5866
928 10.5866
929 10.5866
930 10.5866
931 10.5866
932 10.5866
933 10.5866
934 10.5866
935 10.5866
936 10.5866
937 10.5866
938 10.5866
939 10.5866
940 10.5866
941 10.5866
942 10.5866
943 10.5866
944 10.5866
945 10.5866
946 10.5866
947 10.5866
948 10.5866
949 10.5866
950 10.5866
951 10.5866
952 10.5866
953 10.5866
954 10.5866
955 10.5866
956 10.5866
957 10.5866
958 10.5866
959 10.5866
960 10.5866
961 10.5866
962 10.5866
963 10.5866
964 10.5866
965 10.5866
966 10.5866
967 10.5866
968 10.5866
969 10.5866
970 10.5866
971 10.5866
972 10.5866
973 10.5866
974 10.5866
975 10.5866
976 10.5866
977 10.5866
978 10.5866
979 10.5866
980 10.5866
981 10.5866
982 10.5866
983 10.5866
984 10.5866
985 10.5866
986 10.5866
987 10.5866
988 10.5866
989 10.5866
990 10.5866
991 10.5866
992 10.5866
993 10.5866
994 10.5866
995 10.5866
996 10.5866
997 10.5866
998 10.5866
999 10.5866
1000 10.5866
1001 10.5866
1002 10.5866
1003 10.5866
1004 10.5866
1005 10.5866
1006 10.5866
1007 10.5866
1008 10.5866
1009 10.5866
1010 10.5866
1011 10.5866
1012 10.5866
1013 10.5866
1014 10.5866
1015 10.5866
1016 10.5866
1017 10.5866
1018 10.5866
1019 10.5866
1020 10.5866
1021 10.5866
1022 10.5866
1023 10.5866
1024 10.5866
1025 10.5866
1026 10.5866
1027 10.5866
1028 10.5866
1029 10.5866
1030 10.5866
1031 10.5866
1032 10.5866
1033 10.5866
1034 10.5866
1035 10.5866
1036 10.5866
1037 10.5866
1038 10.5866
1039 10.5866
1040 10.5866
1041 10.5866
1042 10.5866
1043 10.5866
1044 10.5866
1045 10.5866
1046 10.5866
1047 10.5866
1048 10.5866
1049 10.5866
1050 10.5866
1051 10.5866
1052 10.5866
1053 10.5866
1054 10.5866
1055 10.5866
1056 10.5866
1057 10.5866
1058 10.5866
1059 10.5866
1060 10.5866
1061 10.5866
1062 10.5866
1063 10.5866
1064 10.5866
1065 10.5866
1066 10.5866
1067 10.5866
1068 10.5866
1069 10.5866
1070 10.5866
1071 10.5866
1072 10.5866
1073 10.5866
1074 10.5866
1075 10.5866
1076 10.5866
1077 10.5866
1078 10.5866
1079 10.5866
1080 10.5866
1081 10.5866
1082 10.5866
1083 10.5866
1084 10.5866
1085 10.5866
1086 10.5866
1087 10.5866
1088 10.5866
1089 10.5866
1090 10.5866
1091 10.5866
1092 10.5866
1093 10.5866
1094 10.5866
1095 10.5866
1096 10.5866
1097 10.5866
1098 10.5866
1099 10.5866
1100 10.5866
1101 10.5866
1102 10.5866
1103 10.5866
1104 10.5866
1105 10.5866
1106 10.5866
1107 10.5866
1108 10.5866
1109 10.5866
1110 10.5866
1111 10.5866
1112 10.5866
1113 10.5866
1114 10.5866
1115 10.5866
1116 10.5866
1117 10.5866
1118 10.5866
1119 10.5866
1120 10.5866
1121 10.5866
1122 10.5866
1123 10.5866
1124 10.5866
1125 10.5866
1126 10.5866
1127 10.5866
1128 10.5866
1129 10.5866
1130 10.5866
1131 10.5866
1132 10.5866
1133 10.5866
1134 10.5866
1135 10.5866
1136 10.5866
1137 10.5866
1138 10.5866
1139 10.5866
1140 10.5866
1141 10.5866
1142 10.5866
1143 10.5866
1144 10.5866
1145 10.5866
1146 10.5866
1147 10.5866
1148 10.5866
1149 10.5866
1150 10.5866
1151 10.5866
1152 10.5866
1153 10.5866
1154 10.5866
1155 10.5866
1156 10.5866
1157 10.5866
1158 10.5866
1159 10.5866
1160 10.5866
1161 10.5866
1162 10.5866
1163 10.5866
1164 10.5866
1165 10.5866
1166 10.5866
1167 10.5866
1168 10.5866
1169 10.5866
1170 10.5866
1171 10.5866
1172 10.5866
1173 10.5866
1174 10.5866
1175 10.5866
1176 10.5866
1177 10.5866
1178 10.5866
1179 10.5866
1180 10.5866
1181 10.5866
1182 10.5866
1183 10.5866
1184 10.5866
1185 10.5866
1186 10.5866
1187 10.5866
1188 10.5866
1189 10.5866
1190 10.5866
1191 10.5866
1192 10.5866
1193 10.5866
1194 10.5866
1195 10.5866
1196 10.5866
1197 10.5866
1198 10.5866
1199 10.5866
1200 10.5866
1201 10.5866
1202 10.5866
1203 10.5866
1204 10.5866
1205 10.5866
1206 10.5866
1207 10.5866
1208 10.5866
1209 10.5866
1210 10.5866
1211 10.5866
1212 10.5866
1213 10.5866
1214 10.5866
1215 10.5866
1216 10.5866
1217 10.5866
1218 10.5866
1219 10.5866
1220 10.5866
1221 10.5866
1222 10.5866
1223 10.5866
1224 10.5866
1225 10.5866
1226 10.5866
1227 10.5866
1228 10.5866
1229 10.5866
1230 10.5866
1231 10.5866
1232 10.5866
1233 10.5866
1234 10.5866
1235 10.5866
1236 10.5866
1237 10.5866
1238 10.5866
1239 10.5866
1240 10.5866
1241 10.5866
1242 10.5866
1243 10.5866
1244 10.5866
1245 10.5866
1246 10.5866
1247 10.5866
1248 10.5866
1249 10.5866
1250 10.5866
1251 10.5866
1252 10.5866
1253 10.5866
1254 10.5866
1255 10.5866
1256 10.5866
1257 10.5866
1258 10.5866
1259 10.5866
1260 10.5866
1261 10.5866
1262 10.5866
1263 10.5866
1264 10.5866
1265 10.5866
1266 10.5866
1267 10.5866
1268 10.5866
1269 10.5866
1270 10.5866
1271 10.5866
1272 10.5866
1273 10.5866
1274 10.5866
1275 10.5866
1276 10.5866
1277 10.5866
1278 10.5866
1279 10.5866
1280 10.5866
1281 10.5866
1282 10.5866
1283 10.5866
1284 10.5866
1285 10.5866
1286 10.5866
1287 10.5866
1288 10.5866
1289 10.5866
1290 10.5866
1291 10.5866
1292 10.5866
1293 10.5866
1294 10.5866
1295 10.5866
1296 10.5866
1297 10.5866
1298 10.5866
1299 10.5866
1300 10.5866
1301 10.5866
1302 10.5866
1303 10.5866
1304 10.5866
1305 10.5866
1306 10.5866
1307 10.5866
1308 10.5866
1309 10.5866
1310 10.5866
1311 10.5866
1312 10.5866
1313 10.5866
1314 10.5866
1315 10.5866
1316 10.5866
1317 10.5866
1318 10.5866
1319 10.5866
1320 10.5866
1321 10.5866
1322 10.5866
1323 10.5866
1324 10.5866
1325 10.5866
1326 10.5866
1327 10.5866
1328 10.5866
1329 10.5866
1330 10.5866
1331 10.5866
1332 10.5866
1333 10.5866
1334 10.5866
1335 10.5866
1336 10.5866
1337 10.5866
1338 10.5866
1339 10.5866
1340 10.5866
1341 10.5866
1342 10.5866
1343 10.5866
1344 10.5866
1345 10.5866
1346 10.5866
1347 10.5866
1348 10.5866
1349 10.5866
1350 10.5866
1351 10.5866
1352 10.5866
1353 10.5866
1354 10.5866
1355 10.5866
1356 10.5866
1357 10.5866
1358 10.5866
1359 10.5866
1360 10.5866
1361 10.5866
1362 10.5866
1363 10.5866
1364 10.5866
1365 10.5866
1366 10.5866
1367 10.5866
1368 10.5866
1369 10.5866
1370 10.5866
1371 10.5866
1372 10.5866
1373 10.5866
1374 10.5866
1375 10.5866
1376 10.5866
1377 10.5866
1378 10.5866
1379 10.5866
1380 10.5866
1381 10.5866
1382 10.5866
1383 10.5866
1384 10.5866
1385 10.5866
1386 10.5866
1387 10.5866
1388 10.5866
1389 10.5866
1390 10.5866
1391 10.5866
1392 10.5866
1393 10.5866
1394 10.5866
1395 10.5866
1396 10.5866
1397 10.5866
1398 10.5866
1399 10.5866
1400 10.5866
1401 10.5866
1402 10.5866
1403 10.5866
1404 10.5866
1405 10.5866
1406 10.5866
1407 10.5866
1408 10.5866
1409 10.5866
1410 10.5866
1411 10.5866
1412 10.5866
1413 10.5866
1414 10.5866
1415 10.5866
1416 10.5866
1417 10.5866
1418 10.5866
1419 10.5866
1420 10.5866
1421 10.5866
1422 10.5866
1423 10.5866
1424 10.5866
1425 10.5866
1426 10.5866
1427 10.5866
1428 10.5866
1429 10.5866
1430 10.5866
1431 10.5866
1432 10.5866
1433 10.5866
1434 10.5866
1435 10.5866
1436 10.5866
1437 10.5866
1438 10.5866
1439 10.5866
1440 10.5866
1441 10.5866
1442 10.5866
1443 10.5866
1444 10.5866
1445 10.5866
1446 10.5866
1447 10.5866
1448 10.5866
1449 10.5866
1450 10.5866
1451 10.5866
1452 10.5866
1453 10.5866
1454 10.5866
1455 10.5866
1456 10.5866
1457 10.5866
1458 10.5866
1459 10.5866
1460 10.5866
1461 10.5866
1462 10.5866
1463 10.5866
1464 10.5866
1465 10.5866
1466 10.5866
1467 10.5866
1468 10.5866
1469 10.5866
1470 10.5866
1471 10.5866
1472 10.5866
1473 10.5866
1474 10.5866
1475 10.5866
1476 10.5866
1477 10.5866
1478 10.5866
1479 10.5866
1480 10.5866
1481 10.5866
1482 10.5866
1483 10.5866
1484 10.5866
1485 10.5866
1486 10.5866
1487 10.5866
1488 10.5866
1489 10.5866
1490 10.5866
1491 10.5866
1492 10.5866
1493 10.5866
1494 10.5866
1495 10.5866
1496 10.5866
1497 10.5866
1498 10.5866
1499 10.5866
1500 10.5866
1501 10.5866
1502 10.5866
1503 10.5866
1504 10.5866
1505 10.5866
1506 10.5866
1507 10.5866
1508 10.5866
1509 10.5866
1510 10.5866
1511 10.5866
1512 10.5866
1513 10.5866
1514 10.5866
1515 10.5866
1516 10.5866
1517 10.5866
1518 10.5866
1519 10.5866
1520 10.5866
1521 10.5866
1522 10.5866
1523 10.5866
1524 10.5866
1525 10.5866
1526 10.5866
1527 10.5866
1528 10.5866
1529 10.5866
1530 10.5866
1531 10.5866
1532 10.5866
1533 10.5866
1534 10.5866
1535 10.5866
1536 10.5866
1537 10.5866
1538 10.5866
1539 10.5866
1540 10.5866
1541 10.5866
1542 10.5866
1543 10.5866
1544 10.5866
1545 10.5866
1546 10.5866
1547 10.5866
1548 10.5866
1549 10.5866
1550 10.5866
1551 10.5866
1552 10.5866
1553 10.5866
1554 10.5866
1555 10.5866
1556 10.5866
1557 10.5866
1558 10.5866
1559 10.5866
1560 10.5866
1561 10.5866
1562 10.5866
1563 10.5866
1564 10.5866
1565 10.5866
1566 10.5866
1567 10.5866
1568 10.5866
1569 10.5866
1570 10.5866
1571 10.5866
1572 10.5866
1573 10.5866
1574 10.5866
1575 10.5866
1576 10.5866
1577 10.5866
1578 10.5866
1579 10.5866
1580 10.5866
1581 10.5866
1582 10.5866
1583 10.5866
1584 10.5866
1585 10.5866
1586 10.5866
1587 10.5866
1588 10.5866
1589 10.5866
1590 10.5866
1591 10.5866
1592 10.5866
1593 10.5866
1594 10.5866
1595 10.5866
1596 10.5866
1597 10.5866
1598 10.5866
1599 10.5866
1600 10.5866
1601 10.5866
1602 10.5866
1603 10.5866
1604 10.5866
1605 10.5866
1606 10.5866
1607 10.5866
1608 10.5866
1609 10.5866
1610 10.5866
1611 10.5866
1612 10.5866
1613 10.5866
1614 10.5866
1615 10.5866
1616 10.5866
1617 10.5866
1618 10.5866
1619 10.5866
1620 10.5866
1621 10.5866
1622 10.5866
1623 10.5866
1624 10.5866
1625 10.5866
1626 10.5866
1627 10.5866
1628 10.5866
1629 10.5866
1630 10.5866
1631 10.5866
1632 10.5866
1633 10.5866
1634 10.5866
1635 10.5866
1636 10.5866
1637 10.5866
1638 10.5866
1639 10.5866
1640 10.5866
1641 10.5866
1642 10.5866
1643 10.5866
1644 10.5866
1645 10.5866
1646 10.5866
1647 10.5866
1648 10.5866
1649 10.5866
1650 10.5866
1651 10.5866
1652 10.5866
1653 10.5866
1654 10.5866
1655 10.5866
1656 10.5866
1657 10.5866
1658 10.5866
1659 10.5866
1660 10.5866
1661 10.5866
1662 10.5866
1663 10.5866
1664 10.5866
1665 10.5866
1666 10.5866
1667 10.5866
1668 10.5866
1669 10.5866
1670 10.5866
1671 10.5866
1672 10.5866
1673 10.5866
1674 10.5866
1675 10.5866
1676 10.5866
1677 10.5866
1678 10.5866
1679 10.5866
1680 10.5866
1681 10.5866
1682 10.5866
1683 10.5866
1684 10.5866
1685 10.5866
1686 10.5866
1687 10.5866
1688 10.5866
1689 10.5866
1690 10.5866
1691 10.5866
1692 10.5866
1693 10.5866
1694 10.5866
1695 10.5866
1696 10.5866
1697 10.5866
1698 10.5866
1699 10.5866
1700 10.5866
1701 10.5866
1702 10.5866
1703 10.5866
1704 10.5866
1705 10.5866
1706 10.5866
1707 10.5866
1708 10.5866
1709 10.5866
1710 10.5866
1711 10.5866
1712 10.5866
1713 10.5866
1714 10.5866
1715 10.5866
1716 10.5866
1717 10.5866
1718 10.5866
1719 10.5866
1720 10.5866
1721 10.5866
1722 10.5866
1723 10.5866
1724 10.5866
1725 10.5866
1726 10.5866
1727 10.5866
1728 10.5866
1729 10.5866
1730 10.5866
1731 10.5866
1732 10.5866
1733 10.5866
1734 10.5866
1735 10.5866
1736 10.5866
1737 10.5866
1738 10.5866
1739 10.5866
1740 10.5866
1741 10.5866
1742 10.5866
1743 10.5866
1744 10.5866
1745 10.5866
1746 10.5866
1747 10.5866
1748 10.5866
1749 10.5866
1750 10.5866
1751 10.5866
1752 10.5866
1753 10.5866
1754 10.5866
1755 10.5866
1756 10.5866
1757 10.5866
1758 10.5866
1759 10.5866
1760 10.5866
1761 10.5866
1762 10.5866
1763 10.5866
1764 10.5866
1765 10.5866
1766 10.5866
1767 10.5866
1768 10.5866
1769 10.5866
1770 10.5866
1771 10.5866
1772 10.5866
1773 10.5866
1774 10.5866
1775 10.5866
1776 10.5866
1777 10.5866
1778 10.5866
1779 10.5866
1780 10.5866
1781 10.5866
1782 10.5866
1783 10.5866
1784 10.5866
1785 10.5866
1786 10.5866
1787 10.5866
1788 10.5866
1789 10.5866
1790 10.5866
1791 10.5866
1792 10.5866
1793 10.5866
1794 10.5866
1795 10.5866
1796 10.5866
1797 10.5866
1798 10.5866
1799 10.5866
1800 10.5866
1801 10.5866
1802 10.5866
1803 10.5866
1804 10.5866
1805 10.5866
1806 10.5866
1807 10.5866
1808 10.5866
1809 10.5866
1810 10.5866
1811 10.5866
1812 10.5866
1813 10.5866
1814 10.5866
1815 10.5866
1816 10.5866
1817 10.5866
1818 10.5866
1819 10.5866
1820 10.5866
1821 10.5866
1822 10.5866
1823 10.5866
1824 10.5866
1825 10.5866
1826 10.5866
1827 10.5866
1828 10.5866
1829 10.5866
1830 10.5866
1831 10.5866
1832 10.5866
1833 10.5866
1834 10.5866
1835 10.5866
1836 10.5866
1837 10.5866
1838 10.5866
1839 10.5866
1840 10.5866
1841 10.5866
1842 10.5866
1843 10.5866
1844 10.5866
1845 10.5866
1846 10.5866
1847 10.5866
1848 10.5866
1849 10.5866
1850 10.5866
1851 10.5866
1852 10.5866
1853 10.5866
1854 10.5866
1855 10.5866
1856 10.5866
1857 10.5866
1858 10.5866
1859 10.5866
1860 10.5866
1861 10.5866
1862 10.5866
1863 10.5866
1864 10.5866
1865 10.5866
1866 10.5866
1867 10.5866
1868 10.5866
1869 10.5866
1870 10.5866
1871 10.5866
1872 10.5866
1873 10.5866
1874 10.5866
1875 10.5866
1876 10.5866
1877 10.5866
1878 10.5866
1879 10.5866
1880 10.5866
1881 10.5866
1882 10.5866
1883 10.5866
1884 10.5866
1885 10.5866
1886 10.5866
1887 10.5866
1888 10.5866
1889 10.5866
1890 10.5866
1891 10.5866
1892 10.5866
1893 10.5866
1894 10.5866
1895 10.5866
1896 10.5866
1897 10.5866
1898 10.5866
1899 10.5866
1900 10.5866
1901 10.5866
1902 10.5866
1903 10.5866
1904 10.5866
1905 10.5866
1906 10.5866
1907 10.5866
1908 10.5866
1909 10.5866
1910 10.5866
1911 10.5866
1912 10.5866
1913 10.5866
1914 10.5866
1915 10.5866
1916 10.5866
1917 10.5866
1918 10.5866
1919 10.5866
1920 10.5866
1921 10.5866
1922 10.5866
1923 10.5866
1924 10.5866
1925 10.5866
1926 10.5866
1927 10.5866
1928 10.5866
1929 10.5866
1930 10.5866
1931 10.5866
1932 10.5866
1933 10.5866
1934 10.5866
1935 10.5866
1936 10.5866
1937 10.5866
1938 10.5866
1939 10.5866
1940 10.5866
1941 10.5866
1942 10.5866
1943 10.5866
1944 10.5866
1945 10.5866
1946 10.5866
1947 10.5866
1948 10.5866
1949 10.5866
1950 10.5866
1951 10.5866
1952 10.5866
1953 10.5866
1954 10.5866
1955 10.5866
1956 10.5866
1957 10.5866
1958 10.5866
1959 10.5866
1960 10.5866
1961 10.5866
1962 10.5866
1963 10.5866
1964 10.5866
1965 10.5866
1966 10.5866
1967 10.5866
1968 10.5866
1969 10.5866
1970 10.5866
1971 10.5866
1972 10.5866
1973 10.5866
1974 10.5866
1975 10.5866
1976 10.5866
1977 10.5866
1978 10.5866
1979 10.5866
1980 10.5866
1981 10.5866
1982 10.5866
1983 10.5866
1984 10.5866
1985 10.5866
1986 10.5866
1987 10.5866
1988 10.5866
1989 10.5866
1990 10.5866
1991 10.5866
1992 10.5866
1993 10.5866
1994 10.5866
1995 10.5866
1996 10.5866
1997 10.5866
1998 10.5866
1999 10.5866
2000 10.5866
