1 29.1766
2 28.3151
3 27.7243
4 25.3319
5 24.7644
6 24.7413
7 24.3732
8 23.5111
9 23.1064
10 23.0972
11 22.4325
12 21.6917
13 21.6917
14 21.1457
15 21.1457
16 20.8287
17 19.5254
18 19.5254
19 19.3326
20 19.3326
21 19.1714
22 19.1229
23 18.5452
24 17.85
25 17.4279
26 17.3037
27 17.3037
28 16.7661
29 16.7253
30 16.7253
31 16.7253
32 16.7253
33 16.5328
34 16.5328
35 15.974
36 15.974
37 15.3193
38 15.3193
39 15.1951
40 15.1951
41 15.1951
42 15.1951
43 15.1951
44 14.816
45 14.816
46 14.816
47 14.816
48 14.816
49 14.816
50 14.6806
51 14.5584
52 14.5584
53 14.5584
54 14.5472
55 14.5472
56 14.3044
57 14.3044
58 14.3044
59 14.3044
60 14.3044
61 14.2493
62 14.3044
63 14.3044
64 14.2956
65 14.2956
66 14.2956
67 14.023
68 14.023
69 14.023
70 14.023
71 14.023
72 14.023
73 14.023
74 14.0087
75 13.7116
76 13.7116
77 13.7116
78 13.7116
79 13.7116
80 13.7116
81 13.6729
82 13.6729
83 13.6729
84 13.6729
85 13.6729
86 13.6729
87 13.5913
88 13.5913
89 13.5913
90 13.5913
91 13.5157
92 12.5235
93 12.5235
94 12.5235
95 12.4082
96 12.4082
97 12.4082
98 12.4082
99 12.4082
100 12.4082
101 12.4082
102 12.4082
103 12.4082
104 12.2263
105 11.9795
106 11.9449
107 11.9449
108 11.9449
109 11.763
110 11.763
111 11.763
112 11.763
113 11.763
114 11.4868
115 11.4868
116 11.4868
117 11.4827
118 11.2065
119 11.2065
120 11.2065
121 11.2065
122 11.2065
123 11.2065
124 11.2065
125 11.2065
126 11.2065
127 11.1315
128 11.1315
129 11.1315
130 11.1315
131 11.1315
132 11.1315
133 11.1315
134 11.1315
135 11.1315
136 11.1315
137 11.1315
138 11.1315
139 11.1315
140 11.1315
141 11.1315
142 11.1315
143 11.1315
144 11.1315
145 11.1315
146 11.1315
147 11.1315
148 11.1315
149 11.1315
150 11.1315
151 11.1315
152 10.6755
153 10.6755
154 10.6755
155 10.6755
156 10.6755
157 10.63
158 10.63
159 10.63
160 10.63
161 10.63
162 10.63
163 10.63
164 10.63
165 10.63
166 10.63
167 10.63
168 10.63
169 10.63
170 10.63
171 10.63
172 10.63
173 10.63
174 10.63
175 10.63
176 10.63
177 10.63
178 10.4981
179 10.4981
180 10.4981
181 10.4981
182 10.4981
183 10.4981
184 10.4981
185 10.4981
186 10.4981
187 10.4981
188 10.4981
189 10.4981
190 10.4981
191 10.4981
192 10.4981
193 10.4981
194 10.4981
195 10.4981
196 10.4981
197 10.4981
198 10.4981
199 10.4981
200 10.4981
201 10.4981
202 10.4981
203 10.4981
204 10.4981
205 10.4981
206 10.4981
207 10.4981
208 10.4981
209 10.4981
210 10.4981
211 10.4981
212 10.4981
213 10.4981
214 10.4981
215 10.4981
216 10.4981
217 10.4981
218 10.4981
219 10.4981
220 10.4981
221 10.4981
222 10.4981
223 10.4981
224 10.4981
225 10.4981
226 10.4981
227 10.4981
228 10.4981
229 10.4981
230 10.4981
231 10.4981
232 10.4981
233 10.4981
234 10.4981
235 10.4981
236 10.4981
237 10.4981
238 10.4981
239 10.4981
240 10.4981
241 10.4981
242 10.4981
243 10.4981
244 10.4981
245 10.4981
246 10.4981
247 10.4981
248 10.4981
249 10.4981
250 10.4981
251 10.4981
252 10.4981
253 10.4981
254 10.4981
255 10.4981
256 10.4981
257 10.4981
258 10.4981
259 10.4981
260 10.4981
261 10.4981
262 10.4981
263 10.4981
264 10.4981
265 10.4981
266 10.4981
267 10.4981
268 10.4981
269 10.4981
270 10.4981
271 10.4981
272 10.4981
273 10.4981
274 10.4981
275 10.4981
276 10.4981
277 10.4981
278 10.4981
279 10.4981
280 10.4981
281 10.4981
282 10.4981
283 10.4981
284 10.4981
285 10.4981
286 10.4981
287 10.4981
288 10.4981
289 10.4981
290 10.4981
291 10.4981
292 10.4981
293 10.4981
294 10.4981
295 10.4981
296 10.4981
297 10.4981
298 10.4981
299 10.4981
300 10.4981
301 10.4981
302 10.4981
303 10.4981
304 10.4981
305 10.4981
306 10.4981
307 10.4981
308 10.4981
309 10.4981
310 10.4981
311 10.4319
312 10.4319
313 10.4319
314 10.4319
315 10.4319
316 10.4319
317 10.4319
318 10.4319
319 10.4319
320 10.4319
321 10.4319
322 10.4319
323 10.4319
324 10.4319
325 10.4319
326 10.4319
327 10.4319
328 10.4319
329 10.4319
330 10.4319
331 10.4319
332 10.4319
333 10.4319
334 10.4319
335 10.4319
336 10.4319
337 10.4319
338 10.4319
339 10.4319
340 10.4319
341 10.4319
342 10.4319
343 10.4319
344 10.4319
345 10.4319
346 10.4319
347 10.4319
348 10.4319
349 10.4319
350 10.4319
351 10.4319
352 10.4319
353 10.4319
354 10.4319
355 10.4319
356 10.4319
357 10.4319
358 10.4319
359 10.4319
360 10.4319
361 10.4319
362 10.4319
363 10.4319
364 10.4319
365 10.4319
366 10.4319
367 10.4319
368 10.4319
369 10.4319
370 10.4319
371 10.4319
372 10.4319
373 10.4319
374 10.4319
375 10.4319
376 10.4319
377 10.4319
378 10.4319
379 10.4319
380 10.4319
381 10.4319
382 10.4319
383 10.4319
384 10.4319
385 10.4319
386 10.4319
387 10.4319
388 10.4319
389 10.4319
390 10.4319
391 10.4319
392 10.4319
393 10.4319
394 10.4319
395 10.4319
396 10.4319
397 10.4319
398 10.4319
399 10.4319
400 10.4319
401 10.4319
402 10.4319
403 10.4319
404 10.4319
405 10.4319
406 10.4319
407 10.4319
408 10.4319
409 10.4319
410 10.4319
411 10.4319
412 10.4319
413 10.4319
414 10.4319
415 10.4319
416 10.4319
417 10.4319
418 10.4319
419 10.4319
420 10.4319
421 10.4319
422 10.4319
423 10.4319
424 10.4319
425 10.4319
426 10.4319
427 10.4319
428 10.4319
429 10.4319
430 10.4319
431 10.4319
432 10.4319
433 10.4319
434 10.4319
435 10.4319
436 10.4319
437 10.4319
438 10.4319
439 10.4319
440 10.4319
441 10.4319
442 10.4319
443 10.4319
444 10.4319
445 10.4319
446 10.4319
447 10.4319
448 10.4319
449 10.4319
450 10.4319
451 10.4319
452 10.4319
453 10.4319
454 10.4319
455 10.4319
456 10.4319
457 10.4319
458 10.4319
459 10.4319
460 10.4319
461 10.4319
462 10.4319
463 10.4319
464 10.4319
465 10.4319
466 10.4319
467 10.4319
468 10.4319
469 10.4319
470 10.4319
471 10.4319
472 10.4319
473 10.4319
474 10.4319
475 10.4319
476 10.4319
477 10.4319
478 10.4319
479 10.4319
480 10.4319
481 10.4319
482 10.4319
483 10.4319
484 10.4319
485 10.4319
486 10.4319
487 10.4319
488 10.4319
489 10.4319
490 10.4319
491 10.4319
492 10.4319
493 10.4319
494 10.4319
495 10.4319
496 10.4319
497 10.4319
498 10.4319
499 10.4319
500 10.4319
501 10.4319
502 10.4319
503 10.4319
504 10.4319
505 10.4319
506 10.4319
507 10.4319
508 10.4319
509 10.4319
510 10.4319
511 10.4319
512 10.4319
513 10.4319
514 10.4319
515 10.4319
516 10.4319
517 10.4319
518 10.4319
519 10.4319
520 10.4319
521 10.4319
522 10.4319
523 10.4319
524 10.4319
525 10.4319
526 10.4319
527 10.4319
528 10.4319
529 10.4319
530 10.4319
531 10.4319
532 10.4319
533 10.4319
534 10.4319
535 10.4319
536 10.4319
537 10.4319
538 10.4319
539 10.4319
540 10.4319
541 10.4319
542 10.4319
543 10.4319
544 10.4319
545 10.4319
546 10.4319
547 10.4319
548 10.4319
549 10.4319
550 10.4319
551 10.4319
552 10.4319
553 10.4319
554 10.4319
555 10.4319
556 10.4319
557 10.4319
558 10.4319
559 10.4319
560 10.4319
561 10.4319
562 10.4319
563 10.4319
564 10.4319
565 10.4319
566 10.4319
567 10.4319
568 10.4319
569 10.4319
570 10.4319
571 10.4319
572 10.4319
573 10.4319
574 10.4319
575 10.4319
576 10.4319
577 10.4319
578 10.4319
579 10.4319
580 10.4319
581 10.4319
582 10.4319
583 10.4319
584 10.4319
585 10.4319
586 10.4319
587 10.4319
588 10.4319
589 10.4319
590 10.4319
591 10.4319
592 10.4319
593 10.4319
594 10.4319
595 10.4319
596 10.4319
597 10.4319
598 10.4319
599 10.4319
600 10.4319
601 10.4319
602 10.4319
603 10.4319
604 10.4319
605 10.4319
606 10.4319
607 10.4319
608 10.4319
609 10.4319
610 10.4319
611 10.4319
612 10.4319
613 10.4319
614 10.4319
615 10.4319
616 10.4319
617 10.4319
618 10.4319
619 10.4319
620 10.4319
621 10.4319
622 10.4319
623 10.4319
624 10.4319
625 10.4319
626 10.4319
627 10.4319
628 10.4319
629 10.4319
630 10.4319
631 10.4319
632 10.4319
633 10.4319
634 10.4319
635 10.4319
636 10.4319
637 10.4319
638 10.4319
639 10.4319
640 10.4319
641 10.4319
642 10.4319
643 10.4319
644 10.4319
645 10.4319
646 10.4319
647 10.4319
648 10.4319
649 10.4319
650 10.4319
651 10.4319
652 10.4319
653 10.4319
654 10.4319
655 10.4319
656 10.4319
657 10.4319
658 10.4319
659 10.4319
660 10.4319
661 10.4319
662 10.4319
663 10.4319
664 10.4319
665 10.4319
666 10.4319
667 10.4319
668 10.4319
669 10.4319
670 10.4319
671 10.4319
672 10.4319
673 10.4319
674 10.4319
675 10.4319
676 10.4319
677 10.4319
678 10.4319
679 10.4319
680 10.4319
681 10.4319
682 10.4319
683 10.4319
684 10.4319
685 10.4319
686 10.4319
687 10.4319
688 10.4319
689 10.4319
690 10.4319
691 10.4319
692 10.4319
693 10.4319
694 10.4319
695 10.4319
696 10.4319
697 10.4319
698 10.4319
699 10.4319
700 10.4319
701 10.4319
702 10.4319
703 10.4319
704 10.4319
705 10.4319
706 10.4319
707 10.4319
708 10.4319
709 10.4319
710 10.4319
711 10.4319
712 10.4319
713 10.4319
714 10.4319
715 10.4319
716 10.4319
717 10.4319
718 10.4319
719 10.4319
720 10.4319
721 10.4319
722 10.4319
723 10.4319
724 10.4319
725 10.4319
726 10.4319
727 10.4319
728 10.4319
729 10.4319
730 10.4319
731 10.4319
732 10.4319
733 10.4319
734 10.4319
735 10.4319
736 10.4319
737 10.4319
738 10.4319
739 10.4319
740 10.4319
741 10.4319
742 10.4319
743 10.4319
744 10.4319
745 10.4319
746 10.4319
747 10.4319
748 10.4319
749 10.4319
750 10.4319
751 10.4319
752 10.4319
753 10.4319
754 10.4319
755 10.4319
756 10.4319
757 10.4319
758 10.4319
759 10.4319
760 10.4319
761 10.4319
762 10.4319
763 10.4319
764 10.4319
765 10.4319
766 10.4319
767 10.4319
768 10.4319
769 10.4319
770 10.4319
771 10.4319
772 10.4319
773 10.4319
774 10.4319
775 10.4319
776 10.4319
777 10.4319
778 10.4319
779 10.4319
780 10.4319
781 10.4319
782 10.4319
783 10.4319
784 10.4319
785 10.4319
786 10.4319
787 10.4319
788 10.4319
789 10.4319
790 10.4319
791 10.4319
792 10.4319
793 10.4319
794 10.4319
795 10.4319
796 10.4319
797 10.4319
798 10.4319
799 10.4319
800 10.4319
801 10.4319
802 10.4319
803 10.4319
804 10.4319
805 10.4319
806 10.4319
807 10.4319
808 10.4319
809 10.4319
810 10.4319
811 10.4319
812 10.4319
813 10.4319
814 10.4319
815 10.4319
816 10.4319
817 10.4319
818 10.4319
819 10.4319
820 10.4319
821 10.4319
822 10.4319
823 10.4319
824 10.4319
825 10.4319
826 10.4319
827 10.4319
828 10.4319
829 10.4319
830 10.4319
831 10.4319
832 10.4319
833 10.4319
834 10.4319
835 10.4319
836 10.4319
837 10.4319
838 10.4319
839 10.4319
840 10.4319
841 10.4319
842 10.4319
843 10.4319
844 10.4319
845 10.4319
846 10.4319
847 10.4319
848 10.4319
849 10.4319
850 10.4319
851 10.4319
852 10.4319
853 10.4319
854 10.4319
855 10.4319
856 10.4319
857 10.4319
858 10.4319
859 10.4319
860 10.4319
861 10.4319
862 10.4319
863 10.4319
864 10.4319
865 10.4319
866 10.4319
867 10.4319
868 10.4319
869 10.4319
870 10.4319
871 10.4319
872 10.4319
873 10.4319
874 10.4319
875 10.4319
876 10.4319
877 10.4319
878 10.4319
879 10.4319
880 10.4319
881 10.4319
882 10.4319
883 10.4319
884 10.4319
885 10.4319
886 10.4319
887 10.4319
888 10.4319
889 10.4319
890 10.4319
891 10.4319
892 10.4319
893 10.4319
894 10.4319
895 10.4319
896 10.4319
897 10.4319
898 10.4319
899 10.4319
900 10.4319
901 10.4319
902 10.4319
903 10.4319
904 10.4319
905 10.4319
906 10.4319
907 10.4319
908 10.4319
909 10.4319
910 10.4319
911 10.4319
912 10.4319
913 10.4319
914 10.4319
915 10.4319
916 10.4319
917 10.4319
918 10.4319
919 10.4319
920 10.4319
921 10.4319
922 10.4319
923 10.4319
924 10.4319
925 10.4319
926 10.4319
927 10.4319
928 10.4319
929 10.4319
930 10.4319
931 10.4319
932 10.4319
933 10.4319
934 10.4319
935 10.4319
936 10.4319
937 10.4319
938 10.4319
939 10.4319
940 10.4319
941 10.4319
942 10.4319
943 10.4319
944 10.4319
945 10.4319
946 10.4319
947 10.4319
948 10.4319
949 10.4319
950 10.4319
951 10.4319
952 10.4319
953 10.4319
954 10.4319
955 10.4319
956 10.4319
957 10.4319
958 10.4319
959 10.4319
960 10.4319
961 10.4319
962 10.4319
963 10.4319
964 10.4319
965 10.4319
966 10.4319
967 10.4319
968 10.4319
969 10.4319
970 10.4319
971 10.4319
972 10.4319
973 10.4319
974 10.4319
975 10.4319
976 10.4319
977 10.4319
978 10.4319
979 10.4319
980 10.4319
981 10.4319
982 10.4319
983 10.4319
984 10.4319
985 10.4319
986 10.4319
987 10.4319
988 10.4319
989 10.4319
990 10.4319
991 10.4319
992 10.4319
993 10.4319
994 10.4319
995 10.4319
996 10.4319
997 10.4319
998 10.4319
999 10.4319
1000 10.4319
1001 10.4319
1002 10.4319
1003 10.4319
1004 10.4319
1005 10.4319
1006 10.4319
1007 10.4319
1008 10.4319
1009 10.4319
1010 10.4319
1011 10.4319
1012 10.4319
1013 10.4319
1014 10.4319
1015 10.4319
1016 10.4319
1017 10.4319
1018 10.4319
1019 10.4319
1020 10.4319
1021 10.4319
1022 10.4319
1023 10.4319
1024 10.4319
1025 10.4319
1026 10.4319
1027 10.4319
1028 10.4319
1029 10.4319
1030 10.4319
1031 10.4319
1032 10.4319
1033 10.4319
1034 10.4319
1035 10.4319
1036 10.4319
1037 10.4319
1038 10.4319
1039 10.4319
1040 10.4319
1041 10.4319
1042 10.4319
1043 10.4319
1044 10.4319
1045 10.4319
1046 10.4319
1047 10.4319
1048 10.4319
1049 10.4319
1050 10.4319
1051 10.4319
1052 10.4319
1053 10.4319
1054 10.4319
1055 10.4319
1056 10.4319
1057 10.4319
1058 10.4319
1059 10.4319
1060 10.4319
1061 10.4319
1062 10.4319
1063 10.4319
1064 10.4319
1065 10.4319
1066 10.4319
1067 10.4319
1068 10.4319
1069 10.4319
1070 10.4319
1071 10.4319
1072 10.4319
1073 10.4319
1074 10.4319
1075 10.4319
1076 10.4319
1077 10.4319
1078 10.4319
1079 10.4319
1080 10.4319
1081 10.4319
1082 10.4319
1083 10.4319
1084 10.4319
1085 10.4319
1086 10.4319
1087 10.4319
1088 10.4319
1089 10.4319
1090 10.4319
1091 10.4319
1092 10.4319
1093 10.4319
1094 10.4319
1095 10.4319
1096 10.4319
1097 10.4319
1098 10.4319
1099 10.4319
1100 10.4319
1101 10.4319
1102 10.4319
1103 10.4319
1104 10.4319
1105 10.4319
1106 10.4319
1107 10.4319
1108 10.4319
1109 10.4319
1110 10.4319
1111 10.4319
1112 10.4319
1113 10.4319
1114 10.4319
1115 10.4319
1116 10.4319
1117 10.4319
1118 10.4319
1119 10.4319
1120 10.4319
1121 10.4319
1122 10.4319
1123 10.4319
1124 10.4319
1125 10.4319
1126 10.4319
1127 10.4319
1128 10.4319
1129 10.4319
1130 10.4319
1131 10.4319
1132 10.4319
1133 10.4319
1134 10.4319
1135 10.4319
1136 10.4319
1137 10.4319
1138 10.4319
1139 10.4319
1140 10.4319
1141 10.4319
1142 10.4319
1143 10.4319
1144 10.4319
1145 10.4319
1146 10.4319
1147 10.4319
1148 10.4319
1149 10.4319
1150 10.4319
1151 10.4319
1152 10.4319
1153 10.4319
1154 10.4319
1155 10.4319
1156 10.4319
1157 10.4319
1158 10.4319
1159 10.4319
1160 10.4319
1161 10.4319
1162 10.4319
1163 10.4319
1164 10.4319
1165 10.4319
1166 10.4319
1167 10.4319
1168 10.4319
1169 10.4319
1170 10.4319
1171 10.4319
1172 10.4319
1173 10.4319
1174 10.4319
1175 10.4319
1176 10.4319
1177 10.4319
1178 10.4319
1179 10.4319
1180 10.4319
1181 10.4319
1182 10.4319
1183 10.4319
1184 10.4319
1185 10.4319
1186 10.4319
1187 10.4319
1188 10.4319
1189 10.4319
1190 10.4319
1191 10.4319
1192 10.4319
1193 10.4319
1194 10.4319
1195 10.4319
1196 10.4319
1197 10.4319
1198 10.4319
1199 10.4319
1200 10.4319
1201 10.4319
1202 10.4319
1203 10.4319
1204 10.4319
1205 10.4319
1206 10.4319
1207 10.4319
1208 10.4319
1209 10.4319
1210 10.4319
1211 10.4319
1212 10.4319
1213 10.4319
1214 10.4319
1215 10.4319
1216 10.4319
1217 10.4319
1218 10.4319
1219 10.4319
1220 10.4319
1221 10.4319
1222 10.4319
1223 10.4319
1224 10.4319
1225 10.4319
1226 10.4319
1227 10.4319
1228 10.4319
1229 10.4319
1230 10.4319
1231 10.4319
1232 10.4319
1233 10.4319
1234 10.4319
1235 10.4319
1236 10.4319
1237 10.4319
1238 10.4319
1239 10.4319
1240 10.4319
1241 10.4319
1242 10.4319
1243 10.4319
1244 10.4319
1245 10.4319
1246 10.4319
1247 10.4319
1248 10.4319
1249 10.4319
1250 10.4319
1251 10.4319
1252 10.4319
1253 10.4319
1254 10.4319
1255 10.4319
1256 10.4319
1257 10.4319
1258 10.4319
1259 10.4319
1260 10.4319
1261 10.4319
1262 10.4319
1263 10.4319
1264 10.4319
1265 10.4319
1266 10.4319
1267 10.4319
1268 10.4319
1269 10.4319
1270 10.4319
1271 10.4319
1272 10.4319
1273 10.4319
1274 10.4319
1275 10.4319
1276 10.4319
1277 10.4319
1278 10.4319
1279 10.4319
1280 10.4319
1281 10.4319
1282 10.4319
1283 10.4319
1284 10.4319
1285 10.4319
1286 10.4319
1287 10.4319
1288 10.4319
1289 10.4319
1290 10.4319
1291 10.4319
1292 10.4319
1293 10.4319
1294 10.4319
1295 10.4319
1296 10.4319
1297 10.4319
1298 10.4319
1299 10.4319
1300 10.4319
1301 10.4319
1302 10.4319
1303 10.4319
1304 10.4319
1305 10.4319
1306 10.4319
1307 10.4319
1308 10.4319
1309 10.4319
1310 10.4319
1311 10.4319
1312 10.4319
1313 10.4319
1314 10.4319
1315 10.4319
1316 10.4319
1317 10.4319
1318 10.4319
1319 10.4319
1320 10.4319
1321 10.4319
1322 10.4319
1323 10.4319
1324 10.4319
1325 10.4319
1326 10.4319
1327 10.4319
1328 10.4319
1329 10.4319
1330 10.4319
1331 10.4319
1332 10.4319
1333 10.4319
1334 10.4319
1335 10.4319
1336 10.4319
1337 10.4319
1338 10.4319
1339 10.4319
1340 10.4319
1341 10.4319
1342 10.4319
1343 10.4319
1344 10.4319
1345 10.4319
1346 10.4319
1347 10.4319
1348 10.4319
1349 10.4319
1350 10.4319
1351 10.4319
1352 10.4319
1353 10.4319
1354 10.4319
1355 10.4319
1356 10.4319
1357 10.4319
1358 10.4319
1359 10.4319
1360 10.4319
1361 10.4319
1362 10.4319
1363 10.4319
1364 10.4319
1365 10.4319
1366 10.4319
1367 10.4319
1368 10.4319
1369 10.4319
1370 10.4319
1371 10.4319
1372 10.4319
1373 10.4319
1374 10.4319
1375 10.4319
1376 10.4319
1377 10.4319
1378 10.4319
1379 10.4319
1380 10.4319
1381 10.4319
1382 10.4319
1383 10.4319
1384 10.4319
1385 10.4319
1386 10.4319
1387 10.4319
1388 10.4319
1389 10.4319
1390 10.4319
1391 10.4319
1392 10.4319
1393 10.4319
1394 10.4319
1395 10.4319
1396 10.4319
1397 10.4319
1398 10.4319
1399 10.4319
1400 10.4319
1401 10.4319
1402 10.4319
1403 10.4319
1404 10.4319
1405 10.4319
1406 10.4319
1407 10.4319
1408 10.4319
1409 10.4319
1410 10.4319
1411 10.4319
1412 10.4319
1413 10.4319
1414 10.4319
1415 10.4319
1416 10.4319
1417 10.4319
1418 10.4319
1419 10.4319
1420 10.4319
1421 10.4319
1422 10.4319
1423 10.4319
1424 10.4319
1425 10.4319
1426 10.4319
1427 10.4319
1428 10.4319
1429 10.4319
1430 10.4319
1431 10.4319
1432 10.4319
1433 10.4319
1434 10.4319
1435 10.4319
1436 10.4319
1437 10.4319
1438 10.4319
1439 10.4319
1440 10.4319
1441 10.4319
1442 10.4319
1443 10.4319
1444 10.4319
1445 10.4319
1446 10.4319
1447 10.4319
1448 10.4319
1449 10.4319
1450 10.4319
1451 10.4319
1452 10.4319
1453 10.4319
1454 10.4319
1455 10.4319
1456 10.4319
1457 10.4319
1458 10.4319
1459 10.4319
1460 10.4319
1461 10.4319
1462 10.4319
1463 10.4319
1464 10.4319
1465 10.4319
1466 10.4319
1467 10.4319
1468 10.4319
1469 10.4319
1470 10.4319
1471 10.4319
1472 10.4319
1473 10.4319
1474 10.4319
1475 10.4319
1476 10.4319
1477 10.4319
1478 10.4319
1479 10.4319
1480 10.4319
1481 10.4319
1482 10.4319
1483 10.4319
1484 10.4319
1485 10.4319
1486 10.4319
1487 10.4319
1488 10.4319
1489 10.4319
1490 10.4319
1491 10.4319
1492 10.4319
1493 10.4319
1494 10.4319
1495 10.4319
1496 10.4319
1497 10.4319
1498 10.4319
1499 10.4319
1500 10.4319
1501 10.4319
1502 10.4319
1503 10.4319
1504 10.4319
1505 10.4319
1506 10.4319
1507 10.4319
1508 10.4319
1509 10.4319
1510 10.4319
1511 10.4319
1512 10.4319
1513 10.4319
1514 10.4319
1515 10.4319
1516 10.4319
1517 10.4319
1518 10.4319
1519 10.4319
1520 10.4319
1521 10.4319
1522 10.4319
1523 10.4319
1524 10.4319
1525 10.4319
1526 10.4319
1527 10.4319
1528 10.4319
1529 10.4319
1530 10.4319
1531 10.4319
1532 10.4319
1533 10.4319
1534 10.4319
1535 10.4319
1536 10.4319
1537 10.4319
1538 10.4319
1539 10.4319
1540 10.4319
1541 10.4319
1542 10.4319
1543 10.4319
1544 10.4319
1545 10.4319
1546 10.4319
1547 10.4319
1548 10.4319
1549 10.4319
1550 10.4319
1551 10.4319
1552 10.4319
1553 10.4319
1554 10.4319
1555 10.4319
1556 10.4319
1557 10.4319
1558 10.4319
1559 10.4319
1560 10.4319
1561 10.4319
1562 10.4319
1563 10.4319
1564 10.4319
1565 10.4319
1566 10.4319
1567 10.4319
1568 10.4319
1569 10.4319
1570 10.4319
1571 10.4319
1572 10.4319
1573 10.4319
1574 10.4319
1575 10.4319
1576 10.4319
1577 10.4319
1578 10.4319
1579 10.4319
1580 10.4319
1581 10.4319
1582 10.4319
1583 10.4319
1584 10.4319
1585 10.4319
1586 10.4319
1587 10.4319
1588 10.4319
1589 10.4319
1590 10.4319
1591 10.4319
1592 10.4319
1593 10.4319
1594 10.4319
1595 10.4319
1596 10.4319
1597 10.4319
1598 10.4319
1599 10.4319
1600 10.4319
1601 10.4319
1602 10.4319
1603 10.4319
1604 10.4319
1605 10.4319
1606 10.4319
1607 10.4319
1608 10.4319
1609 10.4319
1610 10.4319
1611 10.4319
1612 10.4319
1613 10.4319
1614 10.4319
1615 10.4319
1616 10.4319
1617 10.4319
1618 10.4319
1619 10.4319
1620 10.4319
1621 10.4319
1622 10.4319
1623 10.4319
1624 10.4319
1625 10.4319
1626 10.4319
1627 10.4319
1628 10.4319
1629 10.4319
1630 10.4319
1631 10.4319
1632 10.4319
1633 10.4319
1634 10.4319
1635 10.4319
1636 10.4319
1637 10.4319
1638 10.4319
1639 10.4319
1640 10.4319
1641 10.4319
1642 10.4319
1643 10.4319
1644 10.4319
1645 10.4319
1646 10.4319
1647 10.4319
1648 10.4319
1649 10.4319
1650 10.4319
1651 10.4319
1652 10.4319
1653 10.4319
1654 10.4319
1655 10.4319
1656 10.4319
1657 10.4319
1658 10.4319
1659 10.4319
1660 10.4319
1661 10.4319
1662 10.4319
1663 10.4319
1664 10.4319
1665 10.4319
1666 10.4319
1667 10.4319
1668 10.4319
1669 10.4319
1670 10.4319
1671 10.4319
1672 10.4319
1673 10.4319
1674 10.4319
1675 10.4319
1676 10.4319
1677 10.4319
1678 10.4319
1679 10.4319
1680 10.4319
1681 10.4319
1682 10.4319
1683 10.4319
1684 10.4319
1685 10.4319
1686 10.4319
1687 10.4319
1688 10.4319
1689 10.4319
1690 10.4319
1691 10.4319
1692 10.4319
1693 10.4319
1694 10.4319
1695 10.4319
1696 10.4319
1697 10.4319
1698 10.4319
1699 10.4319
1700 10.4319
1701 10.4319
1702 10.4319
1703 10.4319
1704 10.4319
1705 10.4319
1706 10.4319
1707 10.4319
1708 10.4319
1709 10.4319
1710 10.4319
1711 10.4319
1712 10.4319
1713 10.4319
1714 10.4319
1715 10.4319
1716 10.4319
1717 10.4319
1718 10.4319
1719 10.4319
1720 10.4319
1721 10.4319
1722 10.4319
1723 10.4319
1724 10.4319
1725 10.4319
1726 10.4319
1727 10.4319
1728 10.4319
1729 10.4319
1730 10.4319
1731 10.4319
1732 10.4319
1733 10.4319
1734 10.4319
1735 10.4319
1736 10.4319
1737 10.4319
1738 10.4319
1739 10.4319
1740 10.4319
1741 10.4319
1742 10.4319
1743 10.4319
1744 10.4319
1745 10.4319
1746 10.4319
1747 10.4319
1748 10.4319
1749 10.4319
1750 10.4319
1751 10.4319
1752 10.4319
1753 10.4319
1754 10.4319
1755 10.4319
1756 10.4319
1757 10.4319
1758 10.4319
1759 10.4319
1760 10.4319
1761 10.4319
1762 10.4319
1763 10.4319
1764 10.4319
1765 10.4319
1766 10.4319
1767 10.4319
1768 10.4319
1769 10.4319
1770 10.4319
1771 10.4319
1772 10.4319
1773 10.4319
1774 10.4319
1775 10.4319
1776 10.4319
1777 10.4319
1778 10.4319
1779 10.4319
1780 10.4319
1781 10.4319
1782 10.4319
1783 10.4319
1784 10.4319
1785 10.4319
1786 10.4319
1787 10.4319
1788 10.4319
1789 10.4319
1790 10.4319
1791 10.4319
1792 10.4319
1793 10.4319
1794 10.4319
1795 10.4319
1796 10.4319
1797 10.4319
1798 10.4319
1799 10.4319
1800 10.4319
1801 10.4319
1802 10.4319
1803 10.4319
1804 10.4319
1805 10.4319
1806 10.4319
1807 10.4319
1808 10.4319
1809 10.4319
1810 10.4319
1811 10.4319
1812 10.4319
1813 10.4319
1814 10.4319
1815 10.4319
1816 10.4319
1817 10.4319
1818 10.4319
1819 10.4319
1820 10.4319
1821 10.4319
1822 10.4319
1823 10.4319
1824 10.4319
1825 10.4319
1826 10.4319
1827 10.4319
1828 10.4319
1829 10.4319
1830 10.4319
1831 10.4319
1832 10.4319
1833 10.4319
1834 10.4319
1835 10.4319
1836 10.4319
1837 10.4319
1838 10.4319
1839 10.4319
1840 10.4319
1841 10.4319
1842 10.4319
1843 10.4319
1844 10.4319
1845 10.4319
1846 10.4319
1847 10.4319
1848 10.4319
1849 10.4319
1850 10.4319
1851 10.4319
1852 10.4319
1853 10.4319
1854 10.4319
1855 10.4319
1856 10.4319
1857 10.4319
1858 10.4319
1859 10.4319
1860 10.4319
1861 10.4319
1862 10.4319
1863 10.4319
1864 10.4319
1865 10.4319
1866 10.4319
1867 10.4319
1868 10.4319
1869 10.4319
1870 10.4319
1871 10.4319
1872 10.4319
1873 10.4319
1874 10.4319
1875 10.4319
1876 10.4319
1877 10.4319
1878 10.4319
1879 10.4319
1880 10.4319
1881 10.4319
1882 10.4319
1883 10.4319
1884 10.4319
1885 10.4319
1886 10.4319
1887 10.4319
1888 10.4319
1889 10.4319
1890 10.4319
1891 10.4319
1892 10.4319
1893 10.4319
1894 10.4319
1895 10.4319
1896 10.4319
1897 10.4319
1898 10.4319
1899 10.4319
1900 10.4319
1901 10.4319
1902 10.4319
1903 10.4319
1904 10.4319
1905 10.4319
1906 10.4319
1907 10.4319
1908 10.4319
1909 10.4319
1910 10.4319
1911 10.4319
1912 10.4319
1913 10.4319
1914 10.4319
1915 10.4319
1916 10.4319
1917 10.4319
1918 10.4319
1919 10.4319
1920 10.4319
1921 10.4319
1922 10.4319
1923 10.4319
1924 10.4319
1925 10.4319
1926 10.4319
1927 10.4319
1928 10.4319
1929 10.4319
1930 10.4319
1931 10.4319
1932 10.4319
1933 10.4319
1934 10.4319
1935 10.4319
1936 10.4319
1937 10.4319
1938 10.4319
1939 10.4319
1940 10.4319
1941 10.4319
1942 10.4319
1943 10.4319
1944 10.4319
1945 10.4319
1946 10.4319
1947 10.4319
1948 10.4319
1949 10.4319
1950 10.4319
1951 10.4319
1952 10.4319
1953 10.4319
1954 10.4319
1955 10.4319
1956 10.4319
1957 10.4319
1958 10.4319
1959 10.4319
1960 10.4319
1961 10.4319
1962 10.4319
1963 10.4319
1964 10.4319
1965 10.4319
1966 10.4319
1967 10.4319
1968 10.4319
1969 10.4319
1970 10.4319
1971 10.4319
1972 10.4319
1973 10.4319
1974 10.4319
1975 10.4319
1976 10.4319
1977 10.4319
1978 10.4319
1979 10.4319
1980 10.4319
1981 10.4319
1982 10.4319
1983 10.4319
1984 10.4319
1985 10.4319
1986 10.4319
1987 10.4319
1988 10.4319
1989 10.4319
1990 10.4319
1991 10.4319
1992 10.4319
1993 10.4319
1994 10.4319
1995 10.4319
1996 10.4319
1997 10.4319
1998 10.4319
1999 10.4319
2000 10.4319
