           1     7.47574     7.47574           0
           2     7.75355     7.61464    0.138908
           3     7.54328     7.59085   0.0836525
           4     7.62536     7.59948    0.059777
           5     7.56246     7.59208   0.0468914
           6     7.54587     7.58438   0.0390534
           7     7.59825     7.58636   0.0330656
           8      7.4774     7.57274   0.0317093
           9     7.63194     7.57932   0.0287283
          10     7.58165     7.57955   0.0256965
          11     7.64396     7.58541   0.0239695
          12     7.43174      7.5726   0.0253528
          13      7.4475     7.56298   0.0252286
          14     7.54658     7.56181   0.0233865
          15     7.70031     7.57104   0.0236486
          16     7.55774     7.57021   0.0221369
          17     7.46381     7.56395   0.0217154
          18     7.60778     7.56638   0.0206178
          19     7.72403     7.57468   0.0211942
          20     7.69538     7.58072   0.0209926
          21     7.52577      7.5781   0.0201387
          22     7.56613     7.57756   0.0192092
          23     7.58686     7.57796   0.0183595
          24     7.58417     7.57822   0.0175798
          25     7.51975     7.57588   0.0170234
          26     7.61082     7.57722   0.0164106
          27     7.56846      7.5769   0.0157945
          28     7.63379     7.57893    0.015355
          29     7.57511      7.5788   0.0148166
          30     7.54391     7.57764   0.0143614
          31     7.63158     7.57938   0.0139989
          32     7.48168     7.57632    0.013894
          33     7.57832     7.57638   0.0134665
          34     7.54395     7.57543   0.0130992
          35     7.53423     7.57425   0.0127738
          36     7.50921     7.57245   0.0125447
          37     7.46066     7.56943   0.0125695
          38      7.4607     7.56656   0.0125643
          39     7.60301      7.5675   0.0122735
          40     7.63521     7.56919    0.012082
          41     7.68244     7.57195    0.012103
          42     7.46004     7.56929   0.0121081
          43     7.58914     7.56975   0.0118322
          44     7.74537     7.57374   0.0122298
          45     7.45558     7.57112   0.0122399
          46     7.62121     7.57221   0.0120203
          47     7.66865     7.57426   0.0119394
          48     7.59633     7.57472   0.0116971
          49     7.47543     7.57269   0.0116337
          50     7.58799       7.573   0.0114027
          51     7.56006     7.57274   0.0111798
          52     7.53949      7.5721   0.0109813
          53     7.41295      7.5691   0.0111829
          54     7.58701     7.56943   0.0109789
          55     7.57515     7.56954   0.0107779
          56     7.60848     7.57023   0.0106065
          57     7.53177     7.56956   0.0104406
          58     7.63277     7.57065   0.0103167
          59     7.69708     7.57279   0.0103643
          60     7.53712      7.5722   0.0102075
          61     7.62693     7.57309   0.0100787
          62     7.62468     7.57392  0.00994971
          63     7.55707     7.57366  0.00979416
          64      7.4983     7.57248  0.00971156
          65     7.73101     7.57492  0.00986717
          66     7.57329     7.57489  0.00971655
          67      7.6618     7.57619  0.00965793
          68     7.60268     7.57658  0.00952281
          69     7.46258     7.57493  0.00952811
          70      7.7137     7.57691  0.00959798
          71     7.76844     7.57961  0.00983885
          72     7.46609     7.57803  0.00982851
          73     7.55622     7.57773  0.00969755
          74     7.60896     7.57816   0.0095749
          75     7.48883     7.57696  0.00952116
          76     7.54907      7.5766  0.00940221
          77     7.68134     7.57796  0.00937848
          78     7.55444     7.57766  0.00926237
          79     7.72256     7.57949  0.00932652
          80     7.65643     7.58045  0.00925928
          81     7.44196     7.57874  0.00930272
          82     7.72812     7.58056  0.00936742
          83     7.52248     7.57986  0.00928029
          84     7.53305     7.57931  0.00918607
          85     7.70852     7.58083  0.00920376
          86     7.67014     7.58187  0.00915521
          87     7.76048     7.58392  0.00927933
          88     7.54232     7.58345  0.00918545
          89     7.71993     7.58498  0.00921022
          90     7.67829     7.58602  0.00916613
          91     7.58335     7.58599  0.00906489
          92     7.60593      7.5862  0.00896844
          93     7.59046     7.58625   0.0088716
          94     7.59896     7.58638  0.00877775
          95     7.54987       7.586  0.00869337
          96     7.55374     7.58566   0.0086089
          97     7.53523     7.58514  0.00853553
          98     7.51573     7.58444  0.00847763
          99     7.52883     7.58387  0.00841033
         100     7.49553     7.58299  0.00837255
