           1    -7.56773    -7.56773           0
           2    -7.51719    -7.54246   0.0252718
           3    -7.55495    -7.54662   0.0151728
           4    -7.54049    -7.54509   0.0108378
           5    -7.55292    -7.54666  0.00853996
           6    -7.55605    -7.54822  0.00714649
           7     -7.5458    -7.54788   0.0060498
           8     -7.5669    -7.55025  0.00575356
           9    -7.53923    -7.54903  0.00522003
          10     -7.5488    -7.54901  0.00466899
          11     -7.5375    -7.54796  0.00435084
          12    -7.57427    -7.55015  0.00453687
          13    -7.57314    -7.55192  0.00453244
          14    -7.55503    -7.55214   0.0042021
          15     -7.5262    -7.55041  0.00427718
          16    -7.55231    -7.55053  0.00400269
          17    -7.57022    -7.55169  0.00393418
          18    -7.54344    -7.55123  0.00373741
          19    -7.52404     -7.5498   0.0038139
          20    -7.52862    -7.54874  0.00376997
          21    -7.55755    -7.54916   0.0036104
          22    -7.55197    -7.54929  0.00344474
          23    -7.54821    -7.54924   0.0032919
          24    -7.54954    -7.54925  0.00315178
          25    -7.56044     -7.5497  0.00305602
          26    -7.54282    -7.54944  0.00294804
          27     -7.5505    -7.54948  0.00283703
          28    -7.53874    -7.54909   0.0027606
          29     -7.5495    -7.54911  0.00266374
          30    -7.55452    -7.54929  0.00257974
          31    -7.53863    -7.54894  0.00251873
          32    -7.56651    -7.54949  0.00249976
          33    -7.54966     -7.5495  0.00242283
          34    -7.55599    -7.54969  0.00235825
          35    -7.55643    -7.54988  0.00229797
          36     -7.5613     -7.5502  0.00225564
          37    -7.57223    -7.55079  0.00227324
          38    -7.56974    -7.55129  0.00226806
          39    -7.54467    -7.55112  0.00221566
          40    -7.53914    -7.55082  0.00218023
          41    -7.53001    -7.55031  0.00218612
          42    -7.57208    -7.55083  0.00219547
          43    -7.54732    -7.55075  0.00214536
          44    -7.51968    -7.55005  0.00221183
          45    -7.57189    -7.55053  0.00221594
          46    -7.54197    -7.55034   0.0021752
          47    -7.53212    -7.54996  0.00216345
          48    -7.54646    -7.54988  0.00211915
          49    -7.56829    -7.55026  0.00210918
          50    -7.54769    -7.55021  0.00206721
          51    -7.55203    -7.55024  0.00202658
          52    -7.55611    -7.55036  0.00199043
          53    -7.57892     -7.5509  0.00202552
          54    -7.54776    -7.55084   0.0019885
          55    -7.54939    -7.55081  0.00195219
          56    -7.54441     -7.5507  0.00192042
          57    -7.55829    -7.55083  0.00189112
          58    -7.54122    -7.55066   0.0018656
          59    -7.52634    -7.55025  0.00187947
          60    -7.55673    -7.55036  0.00185103
          61    -7.54107    -7.55021  0.00182679
          62    -7.54185    -7.55007  0.00180214
          63    -7.55459    -7.55014  0.00177475
          64     -7.5634    -7.55035  0.00175903
          65    -7.52118     -7.5499  0.00178895
          66     -7.5501    -7.54991  0.00176164
          67    -7.53473    -7.54968  0.00174987
          68    -7.54474    -7.54961  0.00172547
          69    -7.57203    -7.54993  0.00173106
          70    -7.52532    -7.54958    0.001742
          71    -7.51514     -7.5491  0.00178449
          72    -7.56977    -7.54938  0.00178281
          73    -7.55373    -7.54944  0.00175923
          74    -7.54204    -7.54934  0.00173817
          75    -7.56556    -7.54956  0.00172841
          76    -7.55563    -7.54964  0.00170739
          77    -7.53068    -7.54939  0.00170296
          78    -7.55486    -7.54946  0.00168245
          79      -7.523    -7.54913  0.00169444
          80    -7.53497    -7.54895  0.00168247
          81    -7.57308    -7.54925  0.00168807
          82    -7.52198    -7.54892   0.0017002
          83    -7.55955    -7.54904  0.00168447
          84    -7.55767    -7.54915  0.00166746
          85    -7.52576    -7.54887  0.00167054
          86    -7.53324    -7.54869  0.00166097
          87    -7.51625    -7.54832  0.00168357
          88    -7.55581     -7.5484  0.00166651
          89     -7.5235    -7.54812  0.00167127
          90    -7.53141    -7.54794    0.001663
          91    -7.54834    -7.54794  0.00164463
          92    -7.54486    -7.54791    0.001627
          93    -7.54763     -7.5479  0.00160941
          94    -7.54595    -7.54788  0.00159233
          95    -7.55327    -7.54794   0.0015765
          96    -7.55319    -7.54799  0.00156095
          97    -7.55733    -7.54809  0.00154777
          98    -7.56114    -7.54822  0.00153767
          99    -7.55804    -7.54832  0.00152529
         100    -7.56456    -7.54849  0.00151866
