100 0.0115332 0 0
100 0.0345996 0 0
100 0.0576661 0 0
100 0.0807325 0 0
100 0.103799 0 0
100 0.126865 0 0
100 0.149932 0 0
100 0.172998 0 0
100 0.196065 0 0
100 0.219131 0 0
100 0.242198 0 0
100 0.265264 0 0
100 0.28833 0 0
100 0.311397 0 0
100 0.334463 0 0
100 0.35753 0 0
100 0.380596 0 0
100 0.403663 0 0
100 0.426729 0 0
100 0.449795 0 0
100 0.472862 0 0
100 0.495928 0 0
100 0.518995 0 0
100 0.542061 0 0
100 0.565128 0 0
100 0.588194 0 0
100 0.61126 0 0
100 0.634327 0 0
100 0.657393 0 0
100 0.68046 0 0
100 0.703526 0 0
100 0.726593 0 0
100 0.749659 0 0
100 0.772725 0 0
100 0.795792 0 0
100 0.818858 0 0
100 0.841925 0 0
100 0.864991 9.96125e-05 1.95335e-05
100 0.888058 0.00363416 0.000109955
100 0.911124 0.0500244 0.000413913
100 0.93419 0.306916 0.0012966
100 0.957257 1.05236 0.00270566
100 0.980323 2.34271 0.00319666
100 1.00339 3.79307 0.00349534
100 1.02646 4.8307 0.00318989
100 1.04952 5.11515 0.00434492
100 1.07259 4.69228 0.00470239
100 1.09566 3.81736 0.0042705
100 1.11872 2.81343 0.00276073
100 1.14179 1.88944 0.0018281
100 1.16485 1.17631 0.00153743
100 1.18792 0.677464 0.00168651
100 1.21099 0.364663 0.00144791
100 1.23405 0.184886 0.00114683
100 1.25712 0.0908031 0.000847821
100 1.28019 0.0502701 0.000596244
100 1.30325 0.0429105 0.000580982
100 1.32632 0.0620067 0.00062002
100 1.34939 0.108408 0.000738027
100 1.37245 0.1899 0.000848168
100 1.39552 0.309322 0.000895462
100 1.41859 0.467908 0.000829785
100 1.44165 0.648966 0.000733974
100 1.46472 0.824118 0.00125021
100 1.48778 0.952255 0.00168638
100 1.51085 1.00191 0.00180604
100 1.53392 0.958233 0.00166917
100 1.55698 0.833402 0.00125858
100 1.58005 0.660246 0.000817425
100 1.60312 0.478788 0.000785607
100 1.62618 0.325599 0.000860173
100 1.64925 0.2246 0.00103541
100 1.67232 0.195584 0.00118646
100 1.69538 0.259393 0.00146926
100 1.71845 0.44344 0.0017598
100 1.74152 0.766839 0.0019036
100 1.76458 1.2267 0.00154385
100 1.78765 1.7711 0.001169
100 1.81071 2.29363 0.00185115
100 1.83378 2.66646 0.00277694
100 1.85685 2.78821 0.00348927
100 1.87991 2.62652 0.00347077
100 1.90298 2.23988 0.00221176
100 1.92605 1.73077 0.00114594
100 1.94911 1.22683 0.00108176
100 1.97218 0.817736 0.00159381
100 1.99525 0.551867 0.00186954
100 2.01831 0.441267 0.00181029
100 2.04138 0.468651 0.00155423
100 2.06445 0.599233 0.00118367
100 2.08751 0.774354 0.000683013
100 2.11058 0.937157 0.000842852
100 2.13364 1.03922 0.00126219
100 2.15671 1.04705 0.00136181
100 2.17978 0.94033 0.00108511
100 2.20284 0.797707 0.000653495
100 2.22591 0.666277 0.000868776
100 2.24898 0.581332 0.00146785
100 2.27204 0.582751 0.00180482
100 2.29511 0 0
