1 34.9563
2 33.4816
3 32.5915
4 32.1726
5 30.0335
6 29.327
7 29.2583
8 27.5945
9 24.8978
10 24.2315
11 23.1856
12 22.5564
13 21.0834
14 20.2993
15 20.5337
16 20.1046
17 19.9654
18 20.1965
19 20.1374
20 20.5804
21 19.9733
22 20.1996
23 19.674
24 19.4
25 18.7313
26 19.1938
27 19.5087
28 18.5604
29 18.4796
30 18.2142
31 18.1591
32 18.3707
33 18.3705
34 18.0545
35 17.7935
36 17.9304
37 16.9561
38 17.2119
39 16.6184
40 15.7613
41 16.2023
42 16.2084
43 14.8193
44 15.0399
45 14.7143
46 15.2405
47 14.3107
48 14.6542
49 14.0392
50 14.2977
51 14.1346
52 14.0883
53 13.9763
54 14.1272
55 15.115
56 15.4153
57 15.0078
58 14.301
59 14.8185
60 14.0086
61 13.9685
62 13.6646
63 14.0596
64 13.4625
65 12.9128
66 12.5173
67 12.4656
68 12.8823
69 13.6028
70 13.8797
71 13.538
72 13.1243
73 13.7818
74 13.4332
75 12.8691
76 12.8165
77 12.6977
78 12.3758
79 13.1581
80 12.2288
81 12.5138
82 12.0304
83 12.2359
84 11.8736
85 11.6444
86 11.9134
87 12.1847
88 11.8877
89 11.8936
90 11.8521
91 12.4023
92 11.7243
93 12.3525
94 12.2406
95 12.5581
96 12.3917
97 12.5114
98 12.0154
99 11.6657
100 11.9574
101 11.9498
102 11.4033
103 11.1883
104 11.5109
105 11.7326
106 11.853
107 12.0605
108 12.0776
109 12.1736
110 12.4452
111 12.5394
112 12.9081
113 12.4913
114 12.482
115 11.6588
116 12.016
117 11.4143
118 11.8024
119 12.1635
120 11.7604
121 11.6778
122 12.1735
123 12.021
124 12.561
125 11.8251
126 12.2232
127 11.8972
128 11.8076
129 11.9132
130 12.0343
131 12.8872
132 12.6429
133 12.6898
134 13.0977
135 12.5023
136 12.5877
137 12.1662
138 11.4441
139 11.464
140 11.2893
141 11.6462
142 11.6582
143 11.7531
144 11.3986
145 11.3241
146 11.0464
147 10.604
148 10.0872
149 10.7998
150 10.0598
151 9.32318
152 8.90034
153 9.18652
154 9.74988
155 9.36939
156 9.0367
157 8.51498
158 8.26989
159 8.02726
160 8.492
161 8.77797
162 9.22184
163 9.65329
164 9.78936
165 9.55753
166 8.98936
167 8.45196
168 7.78892
169 8.05472
170 7.9169
171 8.52924
172 8.35425
173 8.09086
174 7.76427
175 8.04773
176 8.95047
177 9.04327
178 8.32264
179 8.14032
180 7.63401
181 8.00917
182 7.20863
183 6.82328
184 6.92174
185 7.13931
186 7.09937
187 7.10983
188 6.97449
189 7.42172
190 7.96365
191 7.66667
192 7.62073
193 7.1921
194 7.19782
195 6.87873
196 7.03617
197 7.70636
198 8.14577
199 8.25221
200 7.80014
201 7.7938
202 7.8885
203 7.81184
204 8.04658
205 8.37706
206 8.10345
207 7.56183
208 7.77965
209 7.34639
210 7.30696
211 7.01739
212 7.3291
213 7.0801
214 7.1732
215 7.27587
216 7.4679
217 7.17854
218 7.60966
219 7.32071
220 6.70125
221 7.0133
222 7.32496
223 7.4916
224 7.52813
225 7.14918
226 7.69579
227 8.14859
228 7.81341
229 8.06601
230 7.73902
231 7.49161
232 7.74602
233 7.7601
234 7.84122
235 7.8988
236 8.04823
237 7.69042
238 7.36216
239 7.36111
240 7.1345
241 7.01624
242 7.42866
243 8.24178
244 8.10345
245 7.66901
246 7.55974
247 7.98434
248 7.53161
249 7.13948
250 7.42837
251 6.98675
252 7.56228
253 7.55404
254 7.636
255 7.63898
256 7.71785
257 7.49006
258 7.2748
259 7.23055
260 7.40939
261 7.65086
262 8.18139
263 7.76199
264 7.65444
265 7.46287
266 6.76584
267 6.97478
268 7.2093
269 6.65142
270 6.5201
271 6.50854
272 6.40713
273 6.79301
274 6.63026
275 6.84498
276 6.84926
277 6.84952
278 6.98137
279 7.22529
280 7.04281
281 7.26208
282 7.53541
283 7.1307
284 6.95526
285 7.18884
286 7.17924
287 7.51182
288 8.04191
289 7.70491
290 7.55387
291 7.57652
292 7.20947
293 7.94751
294 7.53225
295 7.28035
296 7.35343
297 7.42289
298 7.83501
299 7.97065
300 7.35233
301 6.79273
302 7.25167
303 6.60825
304 6.49929
305 6.59006
306 6.77938
307 6.64282
308 6.76699
309 7.26028
310 7.11556
311 7.01702
312 7.03145
313 7.43519
314 6.50971
315 6.51987
316 6.70722
317 7.15904
318 7.15716
319 6.90793
320 7.56092
321 7.22331
322 7.10758
323 7.86934
324 6.98725
325 7.83645
326 7.81929
327 7.16044
328 7.49396
329 7.54402
330 7.13693
331 6.9388
332 6.92876
333 6.5104
334 6.47516
335 6.78002
336 7.32591
337 7.2578
338 7.47456
339 7.20798
340 6.61196
341 6.58801
342 6.73723
343 6.6902
344 7.18007
345 7.26144
346 7.01474
347 6.53128
348 6.96695
349 7.10445
350 6.54078
351 6.41331
352 6.36194
353 6.36998
354 6.48452
355 6.4412
356 7.09108
357 7.34503
358 6.94338
359 6.61486
360 7.08407
361 7.49873
362 7.90123
363 7.26232
364 7.56842
365 8.04982
366 7.57035
367 8.60267
368 8.95266
369 7.85947
370 8.01451
371 8.16222
372 7.22466
373 7.38205
374 7.60042
375 7.45161
376 7.46477
377 7.9381
378 7.27475
379 6.76719
380 7.13158
381 7.60253
382 7.0683
383 6.89225
384 7.78334
385 7.83925
386 7.80702
387 7.6571
388 8.04974
389 8.16822
390 8.3541
391 8.35706
392 8.46557
393 7.53124
394 7.06417
395 6.77172
396 6.77488
397 6.80971
398 6.81151
399 6.38213
400 6.42341
401 7.17034
402 6.95095
403 6.64765
404 6.63648
405 6.31546
406 6.46663
407 7.01486
408 6.77495
409 6.64816
410 6.76887
411 6.70676
412 6.59806
413 6.83829
414 6.66398
415 6.5791
416 6.7706
417 6.83705
418 7.52523
419 7.16949
420 7.45982
421 7.557
422 7.83416
423 7.39683
424 7.47056
425 7.89775
426 7.4665
427 7.24297
428 7.71433
429 8.09072
430 8.36959
431 8.10681
432 8.42338
433 8.10863
434 7.55586
435 6.90112
436 7.16834
437 7.25819
438 7.39528
439 6.91505
440 7.46711
441 7.98815
442 7.58006
443 7.27491
444 7.12953
445 7.19102
446 6.85192
447 7.47532
448 7.88881
449 8.01869
450 8.61726
451 7.71032
452 6.89076
453 6.54969
454 6.77793
455 7.03334
456 7.26464
457 7.59864
458 7.79292
459 8.04885
460 7.655
461 7.53385
462 7.56508
463 7.2061
464 6.77387
465 6.66288
466 7.15277
467 7.64314
468 7.22645
469 7.2013
470 7.13049
471 6.70817
472 6.59988
473 6.49155
474 6.78455
475 6.97511
476 7.10717
477 6.97643
478 6.37539
479 6.30926
480 6.88192
481 6.4518
482 6.78042
483 6.85891
484 6.79064
485 7.50094
486 7.65088
487 8.04667
488 6.75186
489 7.24104
490 8.2239
491 8.10602
492 8.09838
493 7.3334
494 6.77508
495 7.03045
496 7.46522
497 7.62986
498 7.22437
499 7.5778
500 7.42368
501 7.22847
502 7.16807
503 7.09166
504 7.6152
505 7.16752
506 6.94675
507 6.9483
508 7.19868
509 7.55864
510 7.12913
511 7.44473
512 7.0092
513 7.31967
514 7.41755
515 6.67774
516 6.61621
517 7.03684
518 6.91281
519 7.13382
520 6.91618
521 7.3141
522 7.23203
523 7.77185
524 7.55026
525 7.69543
526 8.98789
527 9.01546
528 8.02832
529 7.44403
530 7.42852
531 7.095
532 6.97831
533 7.0633
534 7.24905
535 7.55932
536 7.07798
537 7.83067
538 7.88894
539 7.72342
540 7.62195
541 8.04741
542 8.14922
543 8.16079
544 7.82644
545 7.38222
546 7.93595
547 8.16261
548 8.77056
549 8.57306
550 8.1995
551 7.25894
552 7.61793
553 8.21151
554 8.39184
555 8.06383
556 7.49933
557 7.44125
558 6.96761
559 7.23319
560 7.11845
561 7.94994
562 7.17245
563 7.12891
564 7.3532
565 7.75881
566 7.5876
567 7.48296
568 7.21368
569 7.60033
570 7.71366
571 7.4958
572 7.083
573 6.91069
574 7.35799
575 7.38261
576 6.97366
577 7.0224
578 7.63357
579 7.4664
580 7.1888
581 7.53461
582 7.33778
583 6.74375
584 7.47176
585 7.3599
586 7.31545
587 7.23247
588 7.17729
589 7.03733
590 6.39157
591 6.25475
592 6.4409
593 6.56295
594 6.30558
595 6.57079
596 6.29405
597 6.66602
598 6.93414
599 6.89607
600 7.21181
601 7.40644
602 7.45012
603 6.95165
604 6.79704
605 6.55638
606 7.41616
607 7.31428
608 7.27142
609 7.23175
610 7.04601
611 6.98506
612 7.09991
613 7.14651
614 7.68454
615 7.54719
616 7.12111
617 7.31197
618 6.7103
619 6.72263
620 7.25031
621 7.2429
622 6.93745
623 6.88224
624 7.49827
625 7.45601
626 7.93667
627 7.53132
628 7.94669
629 7.55515
630 7.66711
631 7.89735
632 7.12519
633 7.69817
634 8.38007
635 7.70062
636 7.90813
637 6.98986
638 6.91651
639 6.72413
640 7.75193
641 7.22701
642 7.06182
643 7.08598
644 7.04278
645 6.83197
646 7.45545
647 7.72317
648 7.46152
649 7.42509
650 7.62295
651 7.80573
652 7.58365
653 6.88102
654 7.43097
655 7.58558
656 7.55041
657 7.63289
658 7.49074
659 7.08744
660 7.02998
661 6.8933
662 7.15874
663 6.4288
664 6.42879
665 6.68585
666 6.87332
667 6.9066
668 7.09499
669 7.52507
670 7.38436
671 7.33538
672 6.97893
673 7.11668
674 6.6836
675 7.13105
676 7.06794
677 7.84697
678 7.70671
679 7.85364
680 7.87466
681 7.33511
682 7.57618
683 7.7195
684 7.29872
685 6.84259
686 6.53231
687 6.50618
688 6.69777
689 6.46792
690 6.894
691 6.6224
692 6.64534
693 6.67685
694 7.40399
695 6.97128
696 6.88918
697 6.97072
698 7.83383
699 7.67062
700 8.67116
701 7.47089
702 7.38629
703 7.44121
704 7.279
705 6.76551
706 6.69312
707 6.96118
708 7.29791
709 7.85868
710 7.46516
711 6.91344
712 7.19566
713 7.19776
714 6.81977
715 7.01007
716 7.32468
717 7.37896
718 7.39218
719 7.27343
720 7.39014
721 7.32156
722 7.37221
723 8.09074
724 7.80927
725 7.37248
726 6.96751
727 7.29043
728 7.50491
729 6.98621
730 7.44437
731 7.59475
732 7.16192
733 6.66309
734 6.81049
735 6.79514
736 7.09834
737 7.06959
738 6.91167
739 7.2224
740 7.72648
741 6.95908
742 6.63695
743 7.4746
744 7.00068
745 7.12486
746 7.51939
747 7.67023
748 7.07411
749 7.17314
750 7.42632
751 7.28406
752 7.29411
753 6.59114
754 7.1154
755 6.98656
756 7.11477
757 6.96022
758 6.89439
759 6.79641
760 6.80401
761 6.58645
762 6.56784
763 6.56881
764 6.81156
765 7.44255
766 7.75329
767 8.07729
768 7.61806
769 7.23175
770 7.06485
771 6.9606
772 7.19479
773 6.81525
774 7.36187
775 7.55289
776 7.58485
777 7.6608
778 7.08204
779 6.91418
780 7.0415
781 7.03368
782 6.61561
783 6.61193
784 6.66671
785 6.93205
786 7.57614
787 6.93522
788 7.39073
789 6.93572
790 6.6498
791 7.20115
792 6.49975
793 6.89194
794 7.31684
795 7.32667
796 7.53798
797 7.27181
798 7.21857
799 7.52957
800 7.52467
801 7.35108
802 7.00675
803 6.38091
804 6.86815
805 6.96744
806 6.76881
807 7.5442
808 7.16635
809 7.39187
810 6.75576
811 6.64337
812 6.86553
813 6.70602
814 6.73
815 6.51337
816 6.73
817 7.19417
818 7.25818
819 6.65294
820 6.77624
821 7.4263
822 7.84291
823 7.4505
824 6.48629
825 6.66872
826 6.62462
827 7.50294
828 7.25799
829 7.00124
830 7.62315
831 7.99561
832 8.24471
833 7.91495
834 7.68681
835 7.90793
836 8.25456
837 7.55203
838 7.19004
839 6.74913
840 6.93184
841 7.94687
842 7.48977
843 7.23207
844 7.1901
845 7.22247
846 6.90274
847 6.77085
848 6.49436
849 6.52058
850 6.53155
851 6.36823
852 6.40631
853 6.61812
854 7.05032
855 6.8812
856 6.48122
857 6.39804
858 6.58321
859 6.68333
860 7.04823
861 7.25673
862 7.80376
863 7.61793
864 7.93615
865 7.59587
866 7.06637
867 7.0313
868 7.02781
869 7.13147
870 6.60145
871 6.92885
872 6.76015
873 6.6524
874 6.2893
875 6.76176
876 7.30472
877 6.48557
878 6.58251
879 6.64967
880 6.80168
881 6.92172
882 7.00586
883 7.25106
884 6.78839
885 7.00379
886 6.80966
887 7.18649
888 7.16084
889 7.54659
890 7.18446
891 7.43752
892 7.28541
893 7.78306
894 7.13986
895 6.711
896 6.69647
897 7.08893
898 7.34409
899 7.31645
900 6.38828
901 6.76276
902 6.62975
903 6.75905
904 7.10925
905 7.35191
906 7.28727
907 7.09573
908 7.72265
909 8.23002
910 8.17966
911 7.81981
912 7.69364
913 7.70242
914 7.47224
915 7.54687
916 7.60494
917 7.37818
918 7.23101
919 8.06436
920 8.25613
921 8.26457
922 7.67466
923 7.3033
924 7.37366
925 6.91133
926 7.04069
927 7.05338
928 6.64369
929 6.98995
930 7.45598
931 7.94706
932 7.56962
933 7.29855
934 7.08914
935 7.56652
936 7.36166
937 7.87967
938 7.28098
939 6.93533
940 7.05399
941 6.59837
942 6.98932
943 6.83837
944 6.90837
945 7.20745
946 6.97154
947 6.95177
948 6.79888
949 6.75891
950 7.10534
951 6.52827
952 6.74443
953 6.75801
954 7.85001
955 7.90039
956 7.56562
957 6.8115
958 6.98512
959 7.19635
960 7.29125
961 7.0744
962 7.56628
963 7.57773
964 7.43797
965 7.57072
966 7.26036
967 7.0413
968 7.45239
969 7.29483
970 7.72667
971 7.93246
972 7.3868
973 7.19633
974 7.52115
975 6.7207
976 6.86812
977 6.88128
978 7.112
979 7.42969
980 7.15432
981 7.7018
982 7.17506
983 7.29993
984 7.02627
985 6.94253
986 6.9687
987 7.08779
988 6.31271
989 6.33789
990 7.09342
991 7.1394
992 7.23083
993 7.28964
994 6.92443
995 7.0853
996 7.19706
997 7.38791
998 7.64094
999 7.67289
1000 7.12896
1001 6.82159
1002 6.97517
1003 7.40605
1004 7.35825
1005 7.37419
1006 6.98292
1007 7.03312
1008 7.04237
1009 6.74322
1010 7.19446
1011 6.98733
1012 7.65102
1013 7.65743
1014 7.16918
1015 7.02037
1016 7.32534
1017 7.12056
1018 7.7724
1019 7.15624
1020 6.86026
1021 7.13764
1022 7.66636
1023 7.35378
1024 7.34736
1025 6.86069
1026 6.46258
1027 6.47978
1028 6.77902
1029 7.17748
1030 6.99582
1031 7.02474
1032 6.94299
1033 6.92842
1034 7.27123
1035 7.07237
1036 6.90569
1037 6.73937
1038 7.26538
1039 7.07663
1040 7.77328
1041 7.06126
1042 6.45806
1043 7.11302
1044 6.8952
1045 6.656
1046 6.61506
1047 6.74407
1048 7.09018
1049 7.53859
1050 7.20061
1051 7.05858
1052 7.16123
1053 7.18817
1054 7.13942
1055 6.82951
1056 6.85525
1057 6.99701
1058 7.73414
1059 7.4143
1060 6.88912
1061 6.90594
1062 6.6156
1063 6.44836
1064 6.70708
1065 7.06264
1066 6.4378
1067 6.72247
1068 6.8566
1069 6.88328
1070 7.42318
1071 7.23301
1072 7.69407
1073 7.27662
1074 7.60822
1075 7.61802
1076 7.55087
1077 7.27528
1078 6.9305
1079 7.19464
1080 7.37188
1081 6.95055
1082 7.43457
1083 7.44896
1084 7.93444
1085 7.79951
1086 7.46514
1087 7.14657
1088 7.34989
1089 6.37857
1090 6.48082
1091 6.32097
1092 6.57325
1093 6.63652
1094 6.84172
1095 7.08531
1096 6.83269
1097 7.09481
1098 6.59629
1099 6.98897
1100 6.6751
1101 7.27782
1102 7.63175
1103 7.42284
1104 7.40828
1105 7.22983
1106 7.36288
1107 6.89285
1108 6.92863
1109 7.06844
1110 7.28283
1111 7.61011
1112 7.8712
1113 7.56554
1114 7.79153
1115 8.61626
1116 7.94818
1117 7.38594
1118 7.35035
1119 6.37829
1120 6.59142
1121 6.90583
1122 7.41465
1123 6.9795
1124 6.69226
1125 6.59741
1126 6.41378
1127 7.16495
1128 6.91765
1129 7.3515
1130 7.35585
1131 7.69575
1132 7.43084
1133 8.32877
1134 8.19845
1135 8.19832
1136 7.78931
1137 6.94153
1138 6.53648
1139 6.51849
1140 6.41009
1141 6.71542
1142 6.94436
1143 7.83399
1144 8.10502
1145 7.44528
1146 7.12939
1147 6.53917
1148 6.86823
1149 7.61609
1150 7.92339
1151 7.32324
1152 7.25818
1153 7.20796
1154 7.46901
1155 6.86202
1156 7.34642
1157 6.90021
1158 6.7929
1159 7.17655
1160 7.18167
1161 7.04959
1162 7.09239
1163 7.27183
1164 6.73704
1165 6.41259
1166 6.48244
1167 6.61887
1168 7.13229
1169 6.90964
1170 7.51843
1171 7.61721
1172 7.09779
1173 6.34902
1174 6.38769
1175 6.64646
1176 6.73518
1177 7.02671
1178 6.98496
1179 6.93213
1180 7.47923
1181 7.51467
1182 6.69584
1183 7.54162
1184 6.97069
1185 7.44601
1186 7.73621
1187 7.51255
1188 7.1319
1189 7.55928
1190 7.01212
1191 7.15312
1192 6.7357
1193 6.71765
1194 6.5293
1195 7.10437
1196 6.60304
1197 6.89189
1198 6.71682
1199 6.71544
1200 6.76558
1201 7.00732
1202 7.16167
1203 7.42439
1204 7.2177
1205 7.98604
1206 7.20114
1207 7.20713
1208 7.02488
1209 7.12739
1210 7.36006
1211 7.42
1212 7.15479
1213 7.60807
1214 6.90259
1215 6.7744
1216 6.97314
1217 7.25656
1218 7.18031
1219 6.94034
1220 7.00995
1221 6.85875
1222 6.99092
1223 6.96707
1224 7.03017
1225 6.93738
1226 6.62248
1227 6.9708
1228 6.5193
1229 6.66682
1230 6.70166
1231 6.25565
1232 6.78176
1233 7.20094
1234 7.3223
1235 6.95781
1236 6.87434
1237 6.75112
1238 6.47193
1239 6.56357
1240 6.79759
1241 7.24125
1242 7.90885
1243 8.12068
1244 7.84444
1245 6.86681
1246 6.71731
1247 6.37574
1248 6.54373
1249 6.81977
1250 7.30534
1251 7.77202
1252 7.18494
1253 6.59613
1254 6.94625
1255 7.0322
1256 7.01515
1257 7.543
1258 7.86853
1259 7.04057
1260 6.94033
1261 7.78845
1262 7.03809
1263 7.10298
1264 7.74403
1265 7.34814
1266 6.81159
1267 6.56089
1268 7.06738
1269 7.25214
1270 7.08408
1271 7.0867
1272 6.97044
1273 7.13279
1274 7.14605
1275 7.65381
1276 7.31775
1277 7.23756
1278 7.58109
1279 7.39405
1280 6.77016
1281 7.06909
1282 6.68685
1283 7.12246
1284 6.92121
1285 7.45846
1286 7.19912
1287 7.64567
1288 6.88892
1289 7.34902
1290 7.02717
1291 6.73391
1292 7.19352
1293 6.94014
1294 7.2174
1295 6.8842
1296 6.35863
1297 6.58055
1298 6.67489
1299 6.77135
1300 6.73362
1301 7.48474
1302 7.3212
1303 6.7563
1304 6.71335
1305 7.52526
1306 7.14993
1307 7.06174
1308 6.80468
1309 6.41499
1310 6.80588
1311 6.77788
1312 7.02517
1313 7.23843
1314 7.09193
1315 7.64054
1316 7.24707
1317 7.24126
1318 6.52815
1319 6.40319
1320 6.78831
1321 7.08234
1322 7.64403
1323 7.78757
1324 7.46585
1325 6.85242
1326 7.17439
1327 6.95084
1328 7.06245
1329 7.2526
1330 7.14433
1331 8.01923
1332 7.50504
1333 6.92874
1334 7.12486
1335 7.184
1336 6.8066
1337 6.42576
1338 6.53965
1339 6.57261
1340 6.98165
1341 7.50891
1342 7.48836
1343 7.62526
1344 7.60135
1345 7.44704
1346 8.24172
1347 8.05021
1348 7.98266
1349 7.60625
1350 7.67768
1351 7.75077
1352 7.60771
1353 7.50655
1354 7.52817
1355 7.27151
1356 7.31164
1357 6.97357
1358 7.84876
1359 7.80576
1360 7.46854
1361 7.04785
1362 6.56644
1363 6.76252
1364 6.77118
1365 6.93772
1366 6.83048
1367 7.34924
1368 7.59897
1369 7.37781
1370 8.40096
1371 6.93225
1372 6.77073
1373 6.56573
1374 7.02545
1375 7.70023
1376 7.12419
1377 7.45088
1378 7.33326
1379 7.52618
1380 7.44422
1381 6.75294
1382 6.40082
1383 6.73816
1384 6.65664
1385 6.46794
1386 6.30258
1387 6.4946
1388 6.32786
1389 6.54189
1390 6.82219
1391 6.74507
1392 6.97514
1393 6.37498
1394 6.81313
1395 7.33654
1396 6.91493
1397 7.23636
1398 6.83786
1399 6.44155
1400 6.30484
1401 6.3019
1402 7.23067
1403 7.17322
1404 7.04453
1405 6.85266
1406 6.80179
1407 6.75586
1408 7.13604
1409 6.38386
1410 6.42701
1411 7.34606
1412 6.63199
1413 6.55249
1414 6.88936
1415 7.54593
1416 7.09297
1417 6.73787
1418 7.19969
1419 7.45095
1420 6.76381
1421 6.98278
1422 6.96578
1423 7.04534
1424 6.34591
1425 7.24257
1426 7.17601
1427 7.19247
1428 6.82395
1429 6.72349
1430 6.96757
1431 7.68316
1432 7.97622
1433 7.33995
1434 7.62645
1435 7.26979
1436 7.39488
1437 7.38529
1438 7.02405
1439 6.69949
1440 6.98747
1441 6.6802
1442 6.63417
1443 7.14836
1444 7.19228
1445 6.97209
1446 7.63097
1447 7.7797
1448 7.28245
1449 7.68317
1450 7.43737
1451 7.47946
1452 7.5217
1453 7.48672
1454 7.98314
1455 8.14689
1456 8.51256
1457 8.44154
1458 7.85913
1459 7.55111
1460 7.65742
1461 6.97562
1462 6.77362
1463 7.06987
1464 7.1219
1465 7.35463
1466 7.91554
1467 7.51694
1468 7.61369
1469 7.40963
1470 7.16146
1471 6.99234
1472 7.42139
1473 7.40418
1474 7.52828
1475 6.93102
1476 6.88645
1477 7.18858
1478 6.93112
1479 6.92329
1480 7.37643
1481 7.52771
1482 6.97649
1483 6.61007
1484 6.94514
1485 7.17309
1486 7.11409
1487 7.21496
1488 6.78494
1489 7.2371
1490 6.85887
1491 6.86356
1492 7.40193
1493 6.74265
1494 6.57468
1495 7.03237
1496 6.66704
1497 6.64926
1498 7.04272
1499 6.46652
1500 6.56124
1501 6.95102
1502 7.63745
1503 7.5932
1504 7.43854
1505 7.14484
1506 7.21862
1507 7.08111
1508 7.16624
1509 7.21213
1510 7.33745
1511 7.01413
1512 6.49474
1513 7.539
1514 7.23651
1515 7.53439
1516 7.17014
1517 7.42848
1518 6.70471
1519 7.19623
1520 7.29899
1521 7.26175
1522 6.83008
1523 7.20552
1524 7.22173
1525 7.24954
1526 6.95186
1527 7.02887
1528 7.10278
1529 7.17891
1530 6.95975
1531 6.82259
1532 6.44908
1533 7.043
1534 7.36075
1535 7.34676
1536 6.83759
1537 6.59685
1538 6.89653
1539 7.08249
1540 6.86074
1541 7.03595
1542 6.70032
1543 6.49162
1544 6.62702
1545 6.59049
1546 6.41257
1547 6.78775
1548 6.86985
1549 6.52487
1550 6.43763
1551 6.63912
1552 6.86884
1553 7.38841
1554 7.37591
1555 8.44761
1556 8.47188
1557 9.03398
1558 8.13449
1559 7.96362
1560 7.81812
1561 7.73943
1562 8.47877
1563 8.87771
1564 8.51641
1565 8.31561
1566 8.12261
1567 8.1271
1568 8.52189
1569 7.7293
1570 7.16099
1571 7.18989
1572 7.33257
1573 7.44112
1574 7.14969
1575 7.73936
1576 7.7342
1577 7.58515
1578 6.80829
1579 6.7911
1580 6.40568
1581 6.5945
1582 6.78012
1583 7.04789
1584 7.3386
1585 7.42367
1586 6.95848
1587 6.71072
1588 7.1761
1589 7.43233
1590 7.81366
1591 7.51113
1592 7.17203
1593 7.46518
1594 7.61145
1595 7.58663
1596 7.60605
1597 7.60095
1598 7.35299
1599 7.66279
1600 7.25366
1601 6.93587
1602 7.19934
1603 6.6326
1604 7.1921
1605 7.03339
1606 6.7953
1607 6.93902
1608 7.07124
1609 7.08898
1610 7.21284
1611 7.08823
1612 6.7504
1613 7.23135
1614 7.30936
1615 7.14735
1616 7.08558
1617 7.76798
1618 7.65249
1619 6.88019
1620 6.74887
1621 6.82964
1622 6.85649
1623 6.5761
1624 7.18622
1625 7.59958
1626 7.31826
1627 6.67934
1628 6.3965
1629 7.1174
1630 7.55208
1631 6.97478
1632 7.18721
1633 7.14723
1634 6.62373
1635 7.04613
1636 7.3929
1637 7.00751
1638 6.99997
1639 6.90205
1640 6.76441
1641 6.66135
1642 7.08829
1643 6.74199
1644 7.17818
1645 7.17458
1646 6.64698
1647 6.86427
1648 7.04439
1649 6.59147
1650 6.62877
1651 7.13185
1652 6.7045
1653 6.41116
1654 6.50385
1655 6.93961
1656 6.49221
1657 6.53424
1658 6.5813
1659 7.22896
1660 7.29749
1661 7.76078
1662 8.08772
1663 7.62736
1664 7.90882
1665 8.4476
1666 8.06119
1667 7.23375
1668 6.76789
1669 7.55519
1670 7.28097
1671 7.20742
1672 7.31171
1673 7.13338
1674 7.73178
1675 7.35331
1676 7.70706
1677 7.39272
1678 7.68998
1679 7.21211
1680 7.18639
1681 6.99637
1682 6.59761
1683 6.58826
1684 6.46535
1685 6.38026
1686 6.44937
1687 6.75906
1688 6.6696
1689 6.7902
1690 7.68613
1691 7.80665
1692 6.97154
1693 7.04827
1694 7.05429
1695 7.35355
1696 7.14505
1697 7.40519
1698 8.04392
1699 7.62999
1700 7.22977
1701 6.83592
1702 6.9808
1703 6.9373
1704 7.15625
1705 7.08268
1706 7.17953
1707 7.02691
1708 7.25041
1709 7.18327
1710 7.67586
1711 7.11709
1712 6.96075
1713 7.15156
1714 7.84346
1715 7.16179
1716 7.11921
1717 7.19668
1718 7.05795
1719 7.71454
1720 7.65714
1721 7.80593
1722 7.72778
1723 8.35472
1724 8.28746
1725 7.54516
1726 6.88704
1727 7.37989
1728 7.11502
1729 7.1565
1730 7.62701
1731 7.58053
1732 7.75592
1733 8.04836
1734 7.78629
1735 7.37321
1736 7.52494
1737 7.26881
1738 7.45357
1739 7.99993
1740 7.94343
1741 8.16081
1742 7.78429
1743 7.64911
1744 7.46259
1745 7.71501
1746 7.11381
1747 6.85116
1748 7.04216
1749 7.15095
1750 7.07644
1751 7.28137
1752 6.98679
1753 7.02526
1754 6.96146
1755 7.10298
1756 7.62258
1757 8.49533
1758 8.18792
1759 8.01302
1760 7.77373
1761 7.53803
1762 7.31488
1763 6.82204
1764 6.79364
1765 6.70568
1766 6.52918
1767 6.72419
1768 6.9674
1769 7.01752
1770 7.30632
1771 7.07354
1772 6.93435
1773 6.66397
1774 6.67382
1775 7.1534
1776 7.85277
1777 7.84391
1778 7.90755
1779 7.44003
1780 7.33714
1781 7.02576
1782 7.34061
1783 7.06016
1784 6.8827
1785 6.85974
1786 7.65009
1787 7.61847
1788 7.74728
1789 7.47159
1790 7.28413
1791 6.91252
1792 6.90797
1793 6.74187
1794 6.51645
1795 6.30513
1796 6.57832
1797 6.62064
1798 6.66034
1799 6.754
1800 6.91165
1801 6.99576
1802 6.49537
1803 6.95406
1804 6.94044
1805 6.77291
1806 7.14592
1807 7.52181
1808 7.59013
1809 7.47524
1810 7.25163
1811 7.10045
1812 8.22779
1813 7.50128
1814 6.86645
1815 7.44592
1816 7.395
1817 6.94898
1818 6.69367
1819 7.12828
1820 7.22553
1821 7.2867
1822 7.13192
1823 7.46975
1824 7.31782
1825 7.34107
1826 7.53398
1827 7.50002
1828 7.27001
1829 7.54555
1830 7.63623
1831 7.50736
1832 7.57322
1833 7.04698
1834 6.78322
1835 7.07623
1836 6.91836
1837 6.51268
1838 6.52555
1839 6.64056
1840 6.4891
1841 7.20295
1842 6.91327
1843 7.06884
1844 7.71932
1845 7.60064
1846 8.21736
1847 7.88818
1848 7.20397
1849 7.50791
1850 7.19658
1851 7.38664
1852 6.91475
1853 7.38506
1854 7.66432
1855 7.14873
1856 7.67738
1857 7.4716
1858 6.92718
1859 7.178
1860 7.13274
1861 7.01115
1862 6.7413
1863 6.64702
1864 7.49377
1865 6.85185
1866 6.58657
1867 6.88056
1868 6.90961
1869 7.10941
1870 7.08577
1871 6.74209
1872 7.13595
1873 6.94602
1874 7.43449
1875 7.08726
1876 6.61236
1877 6.5213
1878 6.78428
1879 7.05583
1880 7.01415
1881 7.25146
1882 6.99259
1883 7.28298
1884 6.61204
1885 6.83696
1886 6.69462
1887 6.82079
1888 6.93966
1889 7.63559
1890 7.79113
1891 7.3114
1892 7.21327
1893 7.71858
1894 7.80404
1895 8.27114
1896 7.42185
1897 6.83651
1898 6.88334
1899 7.21502
1900 6.73742
1901 7.05548
1902 7.10541
1903 7.08903
1904 7.32203
1905 7.11658
1906 6.93933
1907 7.02064
1908 7.45004
1909 7.59757
1910 7.50347
1911 7.85062
1912 8.29765
1913 8.30457
1914 8.08589
1915 7.65579
1916 7.07174
1917 6.90051
1918 7.24857
1919 7.95993
1920 7.42632
1921 7.3046
1922 6.96688
1923 7.33733
1924 7.24091
1925 7.22586
1926 7.18371
1927 7.63657
1928 8.2025
1929 8.18523
1930 7.41981
1931 7.87259
1932 7.99221
1933 7.55981
1934 7.28184
1935 7.45211
1936 7.21251
1937 7.80533
1938 7.71989
1939 7.75816
1940 6.89779
1941 7.08024
1942 6.86231
1943 6.87522
1944 7.60102
1945 7.86396
1946 7.97808
1947 7.69652
1948 7.47189
1949 7.32327
1950 7.21254
1951 6.95692
1952 6.93312
1953 7.23398
1954 7.44414
1955 7.73457
1956 7.20717
1957 7.28754
1958 7.58552
1959 7.40272
1960 7.42214
1961 7.32321
1962 7.41776
1963 7.37069
1964 7.72856
1965 7.9622
1966 7.61485
1967 6.54199
1968 7.12024
1969 7.51416
1970 7.02942
1971 7.56767
1972 7.28815
1973 6.64525
1974 6.81491
1975 6.87378
1976 7.06175
1977 6.56905
1978 6.60664
1979 6.73554
1980 7.29689
1981 7.29805
1982 7.26214
1983 7.51755
1984 7.57459
1985 6.79133
1986 6.38919
1987 7.13991
1988 7.31381
1989 6.81902
1990 6.60042
1991 6.48503
1992 6.81629
1993 6.6422
1994 6.6816
1995 6.63605
1996 6.9029
1997 7.83651
1998 7.0671
1999 6.41034
2000 6.43302
