1 34.8965
2 32.7871
3 32.0467
4 31.0685
5 30.2976
6 29.4849
7 28.9431
8 28.3461
9 27.3036
10 26.5989
11 25.5805
12 25.3904
13 24.4279
14 22.7348
15 21.4165
16 20.571
17 20.0112
18 19.2326
19 19.2517
20 18.5603
21 18.0468
22 17.743
23 17.5452
24 17.8415
25 18.0786
26 17.4865
27 17.8291
28 16.8409
29 16.5661
30 16.5704
31 16.409
32 16.4413
33 16.2798
34 16.7363
35 15.9629
36 15.3637
37 14.9228
38 14.9631
39 14.677
40 14.6668
41 14.9949
42 14.9598
43 14.8854
44 14.714
45 14.4424
46 13.9486
47 14.0002
48 13.6817
49 13.5605
50 13.3188
51 13.0584
52 13.4515
53 13.2324
54 13.3192
55 13.4777
56 12.7076
57 11.9856
58 11.5905
59 12.2684
60 11.8933
61 12.3592
62 12.2833
63 12.0809
64 12.117
65 11.4312
66 11.631
67 11.5248
68 10.9901
69 10.628
70 10.0863
71 10.2678
72 10.5455
73 9.60966
74 9.51843
75 9.5656
76 9.18068
77 9.40748
78 9.38569
79 9.11508
80 8.79745
81 8.88182
82 8.90608
83 8.71704
84 8.65153
85 8.66403
86 9.45411
87 9.38073
88 8.98594
89 9.15141
90 9.07459
91 8.86715
92 8.482
93 8.23465
94 8.1123
95 8.07001
96 8.1184
97 8.43138
98 8.15055
99 8.18846
100 8.48482
101 8.29411
102 8.24685
103 8.2393
104 8.04192
105 8.404
106 7.88505
107 8.15198
108 8.22866
109 8.14699
110 8.44736
111 8.85857
112 9.29807
113 9.00479
114 8.81301
115 8.82725
116 8.76217
117 8.20756
118 7.96922
119 8.43127
120 8.05531
121 7.87717
122 8.24758
123 8.29555
124 8.2252
125 8.28854
126 8.19407
127 7.58445
128 7.42572
129 7.8412
130 8.04896
131 8.28165
132 8.19052
133 8.16354
134 8.24343
135 7.41755
136 7.71561
137 8.43385
138 7.8698
139 7.94584
140 7.2725
141 7.36032
142 7.64576
143 8.17696
144 7.76505
145 7.26183
146 7.45961
147 7.44881
148 7.36861
149 7.28577
150 7.46674
151 7.12589
152 6.9581
153 6.96634
154 7.1506
155 7.21828
156 7.81917
157 7.51867
158 8.13948
159 7.59164
160 7.50308
161 8.52993
162 8.57793
163 9.38801
164 8.45946
165 7.60093
166 7.13908
167 7.00516
168 7.53216
169 8.06306
170 7.6691
171 7.03023
172 6.6299
173 7.04859
174 7.14174
175 7.20299
176 7.59038
177 6.98248
178 6.95852
179 6.89401
180 6.59144
181 6.64886
182 7.08224
183 6.88119
184 6.69463
185 6.8401
186 6.54736
187 6.67651
188 6.70166
189 6.98799
190 6.70818
191 7.32946
192 7.23942
193 7.41966
194 7.58518
195 7.23002
196 6.94405
197 7.0098
198 7.14901
199 7.17109
200 6.91106
201 6.56699
202 7.02346
203 7.30293
204 7.11492
205 7.09889
206 7.21543
207 7.87166
208 8.09218
209 8.07484
210 7.69562
211 7.32629
212 7.08552
213 7.8216
214 7.66081
215 7.87147
216 8.14037
217 7.80324
218 7.89284
219 7.14979
220 7.37447
221 7.2991
222 7.94611
223 7.28123
224 7.04705
225 7.2521
226 6.70461
227 6.84007
228 6.97981
229 7.10227
230 7.6193
231 6.83031
232 7.23098
233 7.05895
234 6.7275
235 6.80496
236 6.45601
237 6.45701
238 6.60171
239 6.74663
240 6.73409
241 7.06844
242 6.71891
243 6.88872
244 6.59742
245 6.45527
246 6.77849
247 6.96905
248 6.57933
249 6.83218
250 6.58848
251 7.07497
252 7.51022
253 7.26152
254 7.02329
255 6.61371
256 6.98648
257 7.32242
258 7.27652
259 7.90341
260 7.54521
261 7.63086
262 7.78404
263 7.0485
264 7.36806
265 7.16882
266 7.06401
267 7.39625
268 7.3898
269 7.4986
270 7.93329
271 7.92986
272 7.85523
273 7.88117
274 8.03664
275 7.5316
276 6.74604
277 6.70324
278 6.89307
279 6.70043
280 6.95579
281 6.95305
282 7.33891
283 7.64736
284 7.28574
285 6.97714
286 7.23629
287 7.61976
288 7.6162
289 7.29186
290 6.84161
291 6.76408
292 7.44549
293 6.48476
294 6.48656
295 6.9166
296 7.03114
297 7.26319
298 7.36267
299 7.44892
300 7.47372
301 7.84614
302 7.9714
303 6.88335
304 7.05952
305 7.12964
306 7.01172
307 7.04977
308 7.20973
309 7.41269
310 6.64298
311 6.91546
312 7.19006
313 7.16075
314 6.7068
315 6.79839
316 6.74844
317 6.76373
318 6.88091
319 6.60717
320 6.63826
321 6.92183
322 7.04925
323 6.99569
324 7.24817
325 8.02922
326 8.01659
327 7.5539
328 7.45066
329 7.26418
330 6.5299
331 6.54786
332 6.56811
333 6.50463
334 6.62857
335 6.68827
336 6.59323
337 6.6277
338 6.61022
339 6.73858
340 6.7306
341 6.92108
342 6.63232
343 7.09382
344 7.46298
345 6.67859
346 6.86182
347 7.13382
348 7.74941
349 6.93578
350 6.85546
351 6.76405
352 6.94297
353 7.02608
354 7.05837
355 6.67761
356 6.7557
357 6.91948
358 6.98206
359 7.21965
360 7.4247
361 7.51739
362 7.44213
363 7.42685
364 7.21745
365 7.61507
366 7.55245
367 7.46861
368 7.00298
369 7.36672
370 8.34297
371 7.84261
372 6.9148
373 7.06743
374 7.1802
375 7.43518
376 7.02282
377 7.18965
378 7.12266
379 7.00541
380 6.37985
381 6.42081
382 6.3677
383 6.45815
384 6.81124
385 7.13385
386 6.77277
387 6.9112
388 6.60439
389 6.37204
390 7.02731
391 7.09747
392 6.91328
393 7.23317
394 7.74582
395 7.56265
396 7.49848
397 7.24269
398 7.20092
399 7.2409
400 7.011
401 6.84531
402 6.53875
403 7.00231
404 7.08132
405 6.48103
406 6.3665
407 6.84366
408 7.16246
409 6.80813
410 7.35826
411 7.61417
412 7.16819
413 7.14366
414 6.93951
415 7.38721
416 6.88591
417 7.44015
418 7.08926
419 7.32549
420 7.10948
421 7.14014
422 7.40016
423 7.08156
424 6.8662
425 7.3554
426 7.11257
427 7.00975
428 6.85515
429 6.95619
430 6.77352
431 7.0064
432 6.96082
433 6.76863
434 6.52046
435 6.48342
436 6.49533
437 6.76751
438 7.6114
439 6.9158
440 6.83359
441 7.28591
442 6.66071
443 7.62226
444 7.33863
445 6.74647
446 6.70217
447 6.91424
448 6.80084
449 6.9666
450 6.87743
451 7.72347
452 6.88615
453 6.56883
454 6.82574
455 6.95617
456 6.78926
457 6.75775
458 6.42393
459 6.61506
460 6.77399
461 6.78916
462 7.11036
463 7.14302
464 6.72793
465 6.50103
466 6.44894
467 6.4192
468 6.97406
469 6.52695
470 7.09248
471 7.11979
472 6.54567
473 6.80032
474 6.71539
475 7.23346
476 6.92405
477 6.35783
478 6.49766
479 6.53847
480 7.2058
481 7.2742
482 6.82249
483 7.02839
484 6.5424
485 6.3849
486 6.31485
487 6.31865
488 6.52844
489 6.78639
490 6.63001
491 6.50509
492 6.95655
493 6.37922
494 6.95278
495 7.6535
496 7.56664
497 7.47639
498 6.96497
499 7.6169
500 7.01975
501 7.61825
502 7.28422
503 6.9349
504 7.36832
505 7.85017
506 7.55058
507 6.92945
508 6.50629
509 6.83337
510 6.91078
511 7.36294
512 7.39372
513 7.3065
514 7.36076
515 6.80352
516 6.64599
517 7.00284
518 6.96707
519 7.42628
520 7.27603
521 7.16041
522 6.76033
523 6.45962
524 6.83279
525 7.29486
526 7.01145
527 7.31293
528 7.36133
529 6.88462
530 6.52714
531 6.46694
532 6.58469
533 6.70056
534 6.54041
535 6.75506
536 6.59859
537 6.46027
538 6.70607
539 6.64138
540 6.97713
541 6.71569
542 7.26626
543 7.1784
544 6.80727
545 6.70483
546 6.9881
547 7.25036
548 7.52532
549 7.65145
550 8.12398
551 7.42778
552 7.52738
553 7.81838
554 7.8289
555 7.62408
556 7.40098
557 6.96461
558 7.51942
559 8.08155
560 7.77705
561 7.21267
562 7.49411
563 7.26269
564 7.45637
565 6.71216
566 7.08649
567 7.1879
568 7.16709
569 7.41148
570 7.57418
571 7.2368
572 6.70198
573 6.35871
574 6.71325
575 6.35106
576 6.2738
577 6.44535
578 7.06202
579 7.25584
580 7.0991
581 7.09399
582 7.14713
583 7.19175
584 7.29713
585 7.21816
586 6.89285
587 7.75148
588 7.54072
589 7.42685
590 7.42555
591 7.34238
592 6.99083
593 7.21369
594 6.96684
595 7.03086
596 6.99132
597 7.13595
598 6.90566
599 6.36934
600 6.5328
601 6.61983
602 6.59656
603 6.43558
604 6.47273
605 6.90042
606 6.71011
607 6.69175
608 6.70511
609 7.36695
610 6.80615
611 6.59476
612 6.50853
613 6.58338
614 6.77397
615 6.89984
616 7.59945
617 7.43632
618 7.29774
619 7.47958
620 7.39466
621 7.00208
622 7.3856
623 7.09918
624 6.93045
625 7.05033
626 6.68041
627 6.95175
628 7.06169
629 7.11916
630 7.17238
631 7.46571
632 7.10896
633 6.88525
634 7.49217
635 7.47146
636 8.43417
637 7.84594
638 7.29478
639 6.93012
640 7.45373
641 7.56184
642 7.20007
643 7.30148
644 7.50779
645 7.80248
646 8.08604
647 7.46485
648 7.42289
649 7.3151
650 7.47328
651 7.06586
652 7.01694
653 7.29109
654 7.60318
655 7.21689
656 8.07694
657 7.68033
658 7.78587
659 7.77133
660 7.4348
661 7.21352
662 8.09314
663 7.39847
664 7.55663
665 6.9782
666 6.91119
667 6.91878
668 6.93016
669 6.9443
670 7.52093
671 7.48411
672 7.98717
673 8.47788
674 7.61937
675 7.65158
676 7.9288
677 7.73062
678 7.4485
679 8.00233
680 7.15443
681 6.98622
682 6.94077
683 7.36632
684 7.64434
685 7.8003
686 6.82133
687 7.28527
688 7.34553
689 7.07144
690 7.166
691 6.92526
692 6.87143
693 6.96027
694 6.64733
695 7.06334
696 6.67261
697 6.45149
698 7.93772
699 7.60424
700 7.92778
701 7.16832
702 7.91204
703 7.8201
704 7.42899
705 7.48374
706 7.19885
707 7.37567
708 7.46098
709 7.48556
710 7.26246
711 7.03665
712 7.35029
713 7.43518
714 7.64663
715 7.75113
716 7.54737
717 7.96791
718 7.56026
719 7.55254
720 7.44482
721 7.16976
722 7.44532
723 7.20429
724 6.89417
725 7.08114
726 7.77975
727 7.26885
728 7.40479
729 7.42268
730 7.78342
731 7.45468
732 7.47807
733 7.09238
734 7.21035
735 7.41699
736 7.10762
737 6.87464
738 6.95363
739 6.66402
740 7.38122
741 7.12805
742 7.26593
743 8.13829
744 7.30119
745 7.0256
746 7.86143
747 7.88916
748 7.44406
749 7.11943
750 6.81419
751 7.07219
752 7.39587
753 7.49009
754 7.39478
755 7.33453
756 7.11952
757 7.438
758 7.36028
759 6.76845
760 7.32259
761 6.83933
762 7.55613
763 7.41094
764 7.17836
765 6.78128
766 7.03075
767 7.08754
768 6.83252
769 6.93428
770 6.96532
771 6.80333
772 7.38714
773 7.82819
774 7.39348
775 7.48695
776 7.51767
777 7.49592
778 7.16235
779 7.27902
780 6.63359
781 6.98488
782 6.65435
783 6.95397
784 7.39361
785 7.52734
786 7.60035
787 6.82603
788 6.56402
789 6.80634
790 8.03472
791 7.8683
792 7.93197
793 7.95043
794 7.68279
795 7.73564
796 7.85922
797 7.49277
798 7.0417
799 6.70954
800 6.6115
801 6.82465
802 6.63323
803 7.37101
804 6.69096
805 7.0484
806 7.43141
807 7.443
808 6.71198
809 6.69789
810 6.73993
811 6.67258
812 7.1621
813 6.59955
814 6.84361
815 6.74841
816 6.64663
817 7.10568
818 7.05776
819 6.85063
820 7.36973
821 7.79787
822 7.29645
823 6.93546
824 6.97099
825 6.32968
826 6.41579
827 6.42795
828 6.67293
829 7.34924
830 7.13336
831 7.08207
832 7.05798
833 6.80204
834 6.57221
835 6.35227
836 6.54934
837 6.50567
838 7.05047
839 6.6502
840 6.83221
841 7.278
842 7.13771
843 6.9522
844 6.69589
845 6.76887
846 6.59923
847 6.73429
848 6.93266
849 6.97592
850 6.52654
851 6.48383
852 6.7984
853 7.20341
854 6.93156
855 6.76311
856 6.97882
857 6.9142
858 6.98104
859 6.679
860 6.52262
861 7.31586
862 7.77317
863 7.66942
864 8.10451
865 7.9792
866 7.58197
867 6.88474
868 6.89423
869 7.31243
870 7.58748
871 7.10889
872 7.16424
873 6.81117
874 7.29477
875 7.24252
876 7.07685
877 6.84825
878 6.56386
879 7.1978
880 7.1163
881 6.70699
882 6.98786
883 7.14996
884 6.33498
885 6.48249
886 6.57795
887 6.3407
888 6.33248
889 6.47836
890 7.31825
891 6.81484
892 6.9932
893 6.89132
894 6.57574
895 6.53374
896 6.65265
897 7.05103
898 6.89956
899 7.22362
900 7.59043
901 6.54128
902 6.34006
903 6.66352
904 7.16529
905 7.03069
906 7.29858
907 7.09139
908 7.45508
909 7.11846
910 6.94243
911 6.88188
912 6.83351
913 6.94203
914 7.03559
915 7.10545
916 6.53722
917 6.80192
918 7.58714
919 7.55898
920 7.09756
921 7.09595
922 7.331
923 7.2541
924 6.80785
925 7.33758
926 7.47629
927 7.31048
928 7.49605
929 7.46855
930 7.61814
931 7.42122
932 7.04303
933 7.2076
934 7.19612
935 7.27048
936 6.50507
937 6.41032
938 6.37839
939 6.51674
940 6.91348
941 6.85472
942 6.96662
943 6.91425
944 6.72766
945 6.49352
946 6.99759
947 6.48594
948 6.91269
949 6.44558
950 6.73366
951 7.01676
952 6.71947
953 6.99816
954 6.75814
955 7.23563
956 7.56388
957 7.25853
958 7.89878
959 7.33107
960 7.55047
961 6.83991
962 6.90771
963 6.80057
964 6.55671
965 6.58924
966 6.82885
967 6.93034
968 7.12381
969 6.89571
970 6.69834
971 6.6773
972 7.14521
973 7.26819
974 7.32651
975 6.96026
976 6.58221
977 6.40102
978 6.36608
979 6.58254
980 6.50546
981 6.65928
982 6.62046
983 6.28791
984 6.44482
985 6.5181
986 6.73329
987 6.99025
988 6.97266
989 6.96167
990 6.42337
991 6.80659
992 6.39697
993 6.60393
994 6.68225
995 7.01647
996 6.74193
997 7.11896
998 7.33505
999 6.73006
1000 6.56494
1001 6.72777
1002 7.00217
1003 6.63643
1004 6.92137
1005 7.33441
1006 7.57343
1007 7.12716
1008 6.31068
1009 6.55836
1010 6.44079
1011 6.83906
1012 7.02258
1013 6.43484
1014 6.54069
1015 6.70066
1016 6.92371
1017 7.99422
1018 8.00725
1019 7.8444
1020 8.2471
1021 7.57953
1022 7.21154
1023 7.79664
1024 7.62213
1025 7.62754
1026 7.55647
1027 6.98978
1028 7.53376
1029 7.89596
1030 7.95548
1031 7.62727
1032 7.20195
1033 7.42857
1034 7.61988
1035 8.39866
1036 7.75414
1037 7.43821
1038 7.62333
1039 7.32284
1040 7.078
1041 6.87594
1042 6.53178
1043 6.61617
1044 6.93435
1045 7.11963
1046 7.29137
1047 7.44539
1048 7.57883
1049 8.10491
1050 7.61019
1051 7.29133
1052 7.00057
1053 7.19756
1054 7.06204
1055 6.86454
1056 6.79468
1057 6.88006
1058 7.46948
1059 6.80925
1060 7.34104
1061 6.93132
1062 7.22458
1063 7.31837
1064 7.16303
1065 7.28092
1066 6.79348
1067 6.36777
1068 7.20556
1069 7.72991
1070 7.57371
1071 7.25267
1072 7.53606
1073 7.08705
1074 7.16545
1075 7.13671
1076 7.53679
1077 6.90855
1078 7.37213
1079 7.44396
1080 7.12901
1081 6.71105
1082 6.80644
1083 6.93117
1084 7.38857
1085 6.82124
1086 6.84235
1087 6.80393
1088 7.15133
1089 7.0516
1090 7.19469
1091 7.46266
1092 7.67408
1093 7.13483
1094 7.15444
1095 6.84545
1096 7.07649
1097 7.46191
1098 7.56613
1099 7.28749
1100 7.49197
1101 7.58626
1102 7.85181
1103 7.85291
1104 7.16067
1105 7.91792
1106 7.56612
1107 7.51378
1108 7.13104
1109 7.44289
1110 6.4291
1111 6.63933
1112 7.19399
1113 6.85896
1114 6.70637
1115 6.87946
1116 7.19411
1117 7.27364
1118 6.9757
1119 6.56151
1120 6.81113
1121 6.46609
1122 6.25243
1123 6.44851
1124 6.88057
1125 7.18775
1126 7.28837
1127 7.21848
1128 7.81734
1129 7.37593
1130 6.5724
1131 7.46443
1132 7.31411
1133 7.63051
1134 7.01527
1135 6.79506
1136 6.72307
1137 6.93011
1138 7.25176
1139 7.28719
1140 7.0993
1141 7.02967
1142 7.09685
1143 7.05588
1144 7.50971
1145 7.7502
1146 8.22736
1147 7.28602
1148 7.6158
1149 7.46051
1150 7.69868
1151 7.59598
1152 7.49469
1153 7.06227
1154 7.02728
1155 6.58019
1156 6.81319
1157 6.79651
1158 7.05329
1159 6.88813
1160 6.64085
1161 7.03445
1162 6.68072
1163 7.14814
1164 7.13086
1165 7.44902
1166 7.21594
1167 7.50258
1168 6.87512
1169 7.79751
1170 7.60211
1171 6.89517
1172 7.21936
1173 6.67864
1174 6.83801
1175 6.71994
1176 6.98169
1177 7.38185
1178 7.47142
1179 7.40108
1180 7.73644
1181 7.12702
1182 6.5947
1183 6.94334
1184 7.03696
1185 7.39805
1186 7.47895
1187 7.10306
1188 7.72169
1189 8.19517
1190 7.33776
1191 7.26715
1192 7.74409
1193 8.15079
1194 7.63615
1195 7.40286
1196 7.76774
1197 7.91428
1198 7.70681
1199 7.45403
1200 7.01437
1201 7.38614
1202 7.36218
1203 6.89117
1204 7.11888
1205 6.65585
1206 6.66373
1207 6.65716
1208 7.00532
1209 7.30883
1210 7.19336
1211 7.2214
1212 7.13988
1213 7.60423
1214 6.97177
1215 6.82692
1216 7.26153
1217 7.34639
1218 7.41264
1219 8.43393
1220 8.04226
1221 7.95743
1222 7.23565
1223 7.17902
1224 7.23141
1225 7.54148
1226 7.15127
1227 6.71586
1228 6.53334
1229 6.6865
1230 7.00101
1231 6.97999
1232 7.30762
1233 6.97452
1234 6.67616
1235 7.24929
1236 7.57058
1237 7.3546
1238 7.70572
1239 7.33161
1240 8.26567
1241 7.63102
1242 7.29693
1243 7.81554
1244 7.2214
1245 6.97602
1246 6.85818
1247 6.59906
1248 6.62325
1249 6.47993
1250 6.93954
1251 6.46466
1252 6.51823
1253 6.49709
1254 6.45514
1255 6.81143
1256 7.09994
1257 6.68727
1258 7.63129
1259 7.5639
1260 7.7748
1261 7.72628
1262 7.26139
1263 7.82279
1264 7.2661
1265 7.63965
1266 7.02296
1267 6.71732
1268 6.88471
1269 7.07739
1270 7.36881
1271 7.06813
1272 7.43666
1273 7.76846
1274 7.00546
1275 6.7662
1276 6.70792
1277 6.60064
1278 7.02763
1279 6.94307
1280 7.79432
1281 7.56237
1282 7.14994
1283 7.35057
1284 7.03618
1285 6.72976
1286 7.08369
1287 6.79268
1288 7.00875
1289 6.73273
1290 6.65564
1291 7.39084
1292 7.10139
1293 6.63741
1294 6.53121
1295 6.89982
1296 6.82938
1297 7.16478
1298 7.36854
1299 7.31379
1300 7.11986
1301 7.09827
1302 7.18035
1303 7.12149
1304 6.83996
1305 6.91265
1306 6.70834
1307 6.99251
1308 6.30425
1309 6.69779
1310 6.5691
1311 6.89556
1312 7.10842
1313 7.06956
1314 6.88904
1315 7.24868
1316 7.62072
1317 7.42245
1318 7.50359
1319 7.75849
1320 7.7394
1321 7.40185
1322 6.99864
1323 7.29363
1324 7.3707
1325 7.41177
1326 7.58716
1327 7.71333
1328 7.52579
1329 6.98157
1330 6.60356
1331 6.80041
1332 7.37367
1333 7.27236
1334 7.10316
1335 7.28625
1336 6.76247
1337 6.88397
1338 7.1069
1339 7.53554
1340 7.33972
1341 6.92744
1342 6.72314
1343 7.14335
1344 7.42871
1345 7.60099
1346 7.00472
1347 6.84146
1348 7.49067
1349 7.21719
1350 7.81304
1351 7.59093
1352 7.62517
1353 7.64735
1354 7.84083
1355 7.57763
1356 7.45668
1357 7.06775
1358 7.03163
1359 7.10201
1360 7.06926
1361 6.95989
1362 6.91198
1363 7.56641
1364 7.09071
1365 7.14353
1366 7.625
1367 7.33614
1368 7.23407
1369 7.13247
1370 6.69714
1371 6.51103
1372 7.16321
1373 7.24853
1374 7.35084
1375 7.21221
1376 7.25479
1377 7.18595
1378 6.80722
1379 7.44608
1380 7.64433
1381 7.082
1382 7.17572
1383 7.10373
1384 7.36648
1385 7.19307
1386 6.95748
1387 7.15881
1388 6.68358
1389 6.95006
1390 6.54513
1391 6.72918
1392 7.26604
1393 7.28313
1394 7.13163
1395 7.17065
1396 7.53822
1397 7.1166
1398 7.74374
1399 7.58619
1400 7.29692
1401 7.06771
1402 7.06886
1403 7.32454
1404 7.52365
1405 7.40158
1406 7.75829
1407 7.56045
1408 7.1265
1409 7.69838
1410 7.66721
1411 7.85963
1412 7.8241
1413 7.37098
1414 7.5651
1415 7.7515
1416 7.1794
1417 7.47181
1418 6.96254
1419 7.51636
1420 7.73929
1421 7.46493
1422 7.92613
1423 7.662
1424 8.14701
1425 7.85942
1426 7.21059
1427 7.63726
1428 7.24011
1429 7.42939
1430 7.68183
1431 7.1278
1432 7.85833
1433 7.88477
1434 7.77301
1435 8.12104
1436 7.60659
1437 7.53658
1438 7.37473
1439 7.71521
1440 7.51339
1441 7.11041
1442 7.04167
1443 7.01719
1444 7.19887
1445 7.47009
1446 7.05446
1447 7.46302
1448 7.57833
1449 8.20002
1450 7.94142
1451 7.66829
1452 7.2411
1453 6.80192
1454 7.54949
1455 7.53888
1456 6.93143
1457 6.80766
1458 7.10694
1459 6.8802
1460 7.24255
1461 7.23594
1462 6.70466
1463 6.70996
1464 6.58131
1465 7.02518
1466 6.57005
1467 6.68956
1468 6.61744
1469 6.50458
1470 6.96028
1471 6.90922
1472 6.58257
1473 6.99818
1474 6.7914
1475 7.15541
1476 6.4563
1477 6.80811
1478 6.81024
1479 6.70511
1480 6.57793
1481 7.05379
1482 7.14125
1483 7.828
1484 7.18141
1485 7.2933
1486 7.33134
1487 7.46629
1488 7.08039
1489 6.8805
1490 7.29358
1491 7.52174
1492 7.86738
1493 8.15681
1494 7.63748
1495 7.27901
1496 7.2229
1497 7.46855
1498 6.70725
1499 6.89138
1500 6.59822
1501 6.92798
1502 6.92934
1503 7.28135
1504 7.01798
1505 6.78722
1506 6.94459
1507 6.53091
1508 7.34389
1509 7.61034
1510 7.16357
1511 7.46773
1512 7.29546
1513 7.13029
1514 7.12599
1515 7.23602
1516 6.83938
1517 7.03975
1518 6.65835
1519 7.21688
1520 8.47445
1521 8.24055
1522 7.3622
1523 6.89772
1524 7.30351
1525 6.89112
1526 7.24416
1527 7.04564
1528 6.95686
1529 7.72451
1530 7.31463
1531 7.60682
1532 7.3169
1533 7.38064
1534 6.75021
1535 6.92617
1536 7.05796
1537 6.78485
1538 6.82286
1539 6.85508
1540 7.34764
1541 6.93056
1542 6.57457
1543 6.96949
1544 7.2115
1545 7.17545
1546 7.34699
1547 7.11588
1548 6.77105
1549 6.78892
1550 6.56511
1551 6.83971
1552 6.69222
1553 6.95972
1554 6.95128
1555 7.11248
1556 7.1334
1557 6.92406
1558 6.79689
1559 7.25959
1560 7.10642
1561 7.36642
1562 6.94009
1563 6.60576
1564 7.51351
1565 7.23167
1566 6.75553
1567 6.71097
1568 6.57437
1569 7.01349
1570 7.64537
1571 7.60513
1572 8.01434
1573 7.66655
1574 8.30048
1575 8.50209
1576 8.63939
1577 8.10163
1578 8.43421
1579 7.58761
1580 7.04404
1581 7.15544
1582 7.07503
1583 6.81656
1584 6.30449
1585 6.24595
1586 6.53772
1587 6.6625
1588 6.80888
1589 6.85965
1590 7.35347
1591 8.00334
1592 7.60913
1593 7.64749
1594 7.11606
1595 7.17422
1596 7.4454
1597 7.57954
1598 8.22141
1599 7.3747
1600 6.60333
1601 6.78246
1602 6.40166
1603 6.99573
1604 6.92985
1605 7.05708
1606 7.17561
1607 7.55297
1608 7.71114
1609 7.43966
1610 8.61939
1611 8.58902
1612 7.34051
1613 7.33945
1614 6.96695
1615 7.29
1616 6.87924
1617 6.82076
1618 7.00804
1619 7.37891
1620 7.24853
1621 7.48897
1622 7.22229
1623 6.88655
1624 7.73067
1625 7.47143
1626 6.99469
1627 6.68441
1628 6.84642
1629 7.43054
1630 7.41464
1631 7.1273
1632 6.80096
1633 7.13652
1634 7.16613
1635 7.31331
1636 7.53801
1637 7.46204
1638 6.99796
1639 6.80533
1640 6.53315
1641 6.56807
1642 6.79664
1643 6.79729
1644 6.37069
1645 6.66207
1646 6.8808
1647 6.50688
1648 6.70658
1649 6.67643
1650 6.60736
1651 6.44796
1652 7.03565
1653 7.20321
1654 7.69744
1655 7.63629
1656 7.45274
1657 7.50584
1658 7.25917
1659 7.49524
1660 7.41069
1661 7.73237
1662 7.73719
1663 7.66037
1664 7.90559
1665 7.5291
1666 7.37759
1667 6.94276
1668 6.5217
1669 7.27087
1670 6.92724
1671 7.10138
1672 7.34503
1673 7.57884
1674 7.06093
1675 7.32009
1676 6.94643
1677 7.66793
1678 7.24371
1679 6.57437
1680 6.35925
1681 6.95568
1682 7.37779
1683 8.24494
1684 7.53782
1685 7.195
1686 7.41654
1687 7.33482
1688 7.64903
1689 7.67533
1690 7.7201
1691 7.5929
1692 7.77681
1693 7.29429
1694 7.39231
1695 6.68278
1696 6.74839
1697 6.62996
1698 7.01446
1699 7.48627
1700 7.6294
1701 8.10826
1702 6.97264
1703 6.42044
1704 7.18366
1705 7.56612
1706 7.45276
1707 6.83633
1708 7.18269
1709 7.07696
1710 7.01666
1711 7.57733
1712 7.55204
1713 7.21828
1714 7.24252
1715 7.92485
1716 7.71444
1717 7.52519
1718 7.83604
1719 7.34068
1720 7.05583
1721 7.26508
1722 7.1514
1723 7.50811
1724 7.08714
1725 6.54739
1726 6.72098
1727 7.30297
1728 7.39329
1729 7.19806
1730 6.98888
1731 7.00034
1732 6.87316
1733 6.93951
1734 7.46054
1735 7.48751
1736 6.85994
1737 7.24603
1738 6.77882
1739 7.20313
1740 6.77117
1741 7.14993
1742 6.95096
1743 7.08936
1744 7.36774
1745 7.58818
1746 7.47132
1747 6.93676
1748 6.53441
1749 6.6104
1750 6.93841
1751 6.88512
1752 6.85311
1753 6.83262
1754 6.65185
1755 6.68745
1756 7.25003
1757 6.71057
1758 7.24575
1759 7.21837
1760 7.19435
1761 7.55148
1762 7.14218
1763 7.00427
1764 7.27271
1765 6.74917
1766 7.00694
1767 6.67521
1768 6.49303
1769 7.19785
1770 6.85268
1771 7.32435
1772 7.36907
1773 7.03766
1774 7.12334
1775 7.05314
1776 7.34985
1777 6.91497
1778 6.70958
1779 6.74863
1780 6.78989
1781 7.18823
1782 7.29502
1783 7.75407
1784 7.91019
1785 7.31339
1786 6.54009
1787 6.78003
1788 6.71573
1789 6.99362
1790 6.91067
1791 6.72983
1792 7.71467
1793 7.15436
1794 6.94168
1795 6.95836
1796 6.98908
1797 6.69906
1798 7.19762
1799 6.88685
1800 6.68282
1801 7.03918
1802 7.47184
1803 7.06912
1804 7.25609
1805 7.29264
1806 7.01881
1807 7.53952
1808 7.32155
1809 6.65105
1810 6.85942
1811 6.52974
1812 6.41816
1813 6.55867
1814 6.60613
1815 6.94239
1816 6.84973
1817 7.25095
1818 7.16607
1819 6.75407
1820 7.22459
1821 7.10026
1822 7.2631
1823 7.13922
1824 6.91896
1825 7.11333
1826 6.90949
1827 6.59418
1828 6.70037
1829 6.72139
1830 6.52925
1831 7.06014
1832 6.85376
1833 7.78452
1834 7.28685
1835 8.15564
1836 8.75497
1837 8.48374
1838 8.06134
1839 7.97269
1840 7.96448
1841 7.55743
1842 7.32019
1843 7.4392
1844 7.40948
1845 7.32105
1846 7.45828
1847 7.43694
1848 7.06905
1849 6.74578
1850 6.2477
1851 6.47018
1852 7.00796
1853 6.7681
1854 6.90438
1855 6.73415
1856 7.15234
1857 7.06549
1858 6.72321
1859 6.44441
1860 7.03008
1861 6.99005
1862 6.35565
1863 6.54609
1864 7.27786
1865 7.00376
1866 7.36139
1867 7.2826
1868 7.3896
1869 7.84715
1870 7.83813
1871 7.69603
1872 7.00957
1873 6.97717
1874 7.1088
1875 6.70167
1876 6.7827
1877 7.29301
1878 7.08304
1879 6.96015
1880 6.72269
1881 6.84441
1882 7.12942
1883 6.37411
1884 6.48456
1885 6.47088
1886 6.85046
1887 7.16531
1888 7.61317
1889 7.65616
1890 8.56104
1891 7.97814
1892 7.70186
1893 6.96014
1894 6.80376
1895 6.92658
1896 7.05578
1897 7.07161
1898 7.52155
1899 7.13811
1900 7.18791
1901 7.09487
1902 6.89942
1903 7.06375
1904 7.23807
1905 7.55393
1906 7.39208
1907 7.22338
1908 6.97868
1909 7.25543
1910 6.79511
1911 7.08752
1912 6.82714
1913 6.45515
1914 6.64623
1915 6.94015
1916 6.54264
1917 7.08919
1918 7.47833
1919 7.19089
1920 6.87982
1921 6.4751
1922 6.87545
1923 7.51249
1924 8.25497
1925 8.18005
1926 7.03876
1927 7.14768
1928 7.60646
1929 7.2295
1930 6.99323
1931 6.95309
1932 7.29707
1933 7.48957
1934 7.11184
1935 7.52538
1936 6.52071
1937 6.48921
1938 6.60365
1939 7.12548
1940 7.64853
1941 7.86089
1942 7.33797
1943 7.15844
1944 7.2083
1945 7.4776
1946 7.72416
1947 6.99479
1948 7.22976
1949 7.20202
1950 7.05882
1951 6.99197
1952 7.04725
1953 7.21236
1954 7.02079
1955 7.24353
1956 6.80075
1957 6.95101
1958 6.78447
1959 6.33774
1960 6.47789
1961 6.60744
1962 6.95508
1963 7.01475
1964 7.94819
1965 7.78518
1966 6.79608
1967 6.68605
1968 6.96297
1969 7.54087
1970 7.66152
1971 7.42188
1972 6.93536
1973 7.28857
1974 7.34404
1975 7.31332
1976 7.00423
1977 7.03202
1978 6.84978
1979 6.38154
1980 6.77172
1981 6.47106
1982 6.41485
1983 7.12921
1984 6.77139
1985 6.70934
1986 7.19711
1987 6.6455
1988 6.49273
1989 6.61826
1990 6.76669
1991 6.71314
1992 6.83269
1993 7.11206
1994 7.52322
1995 7.05441
1996 7.03068
1997 6.9567
1998 7.29191
1999 7.19121
2000 7.19244
