1 33.4963
2 31.0665
3 28.8242
4 27.8606
5 26.637
6 25.8121
7 25.7621
8 25.195
9 24.774
10 23.838
11 23.0126
12 23.461
13 22.9993
14 22.3466
15 22.0644
16 21.2014
17 21.2036
18 21.5957
19 21.3694
20 20.7812
21 20.4463
22 19.7626
23 19.2255
24 18.8075
25 18.9426
26 18.7827
27 18.4026
28 18.1558
29 17.5437
30 17.3433
31 17.5539
32 18.25
33 18.0809
34 19.2421
35 18.4731
36 18.3666
37 17.4122
38 17.143
39 16.8637
40 16.2668
41 16.455
42 16.6098
43 16.3811
44 16.5734
45 15.8944
46 15.5723
47 15.3632
48 14.7451
49 14.7608
50 13.925
51 13.3075
52 13.7412
53 14.1129
54 13.7866
55 13.6956
56 13.4193
57 13.6361
58 13.7589
59 13.3044
60 12.7696
61 12.5532
62 12.8654
63 12.4323
64 11.938
65 12.2089
66 11.3136
67 11.5439
68 11.2535
69 12.424
70 11.8274
71 11.917
72 12.202
73 11.6321
74 10.6938
75 10.8002
76 10.8523
77 11.1252
78 11.045
79 10.5123
80 9.91379
81 9.00954
82 9.20562
83 8.76797
84 8.36115
85 8.80505
86 8.77899
87 9.06126
88 8.49049
89 9.0213
90 9.3041
91 8.6429
92 7.9523
93 7.55027
94 7.87557
95 8.10341
96 7.97063
97 7.75043
98 7.46929
99 7.82033
100 7.94762
101 8.29244
102 8.52778
103 8.17486
104 8.25123
105 8.38145
106 7.92464
107 8.07916
108 7.47382
109 7.66222
110 7.6583
111 7.25029
112 7.51513
113 7.1804
114 7.19358
115 7.74027
116 7.08843
117 6.72821
118 6.84584
119 6.90988
120 7.00997
121 6.88335
122 7.48674
123 7.92424
124 8.10275
125 7.40109
126 7.35184
127 6.92324
128 8.05144
129 7.45291
130 7.28838
131 7.72454
132 8.12925
133 7.44147
134 7.72903
135 7.28257
136 7.26341
137 7.4551
138 6.9704
139 7.05027
140 6.93995
141 7.33496
142 7.06712
143 7.18268
144 6.97166
145 6.60101
146 7.0478
147 6.91696
148 6.74273
149 6.39888
150 6.80958
151 7.04759
152 6.96668
153 7.54386
154 7.00214
155 6.81438
156 6.57225
157 6.60194
158 6.59974
159 6.7565
160 6.72138
161 6.28587
162 6.27842
163 6.50919
164 6.51838
165 6.47734
166 6.46168
167 6.78088
168 7.04019
169 7.25577
170 7.42091
171 7.14512
172 7.1852
173 6.72625
174 7.04181
175 6.45653
176 6.38979
177 6.71142
178 6.50497
179 7.33867
180 7.2998
181 7.92511
182 7.77242
183 7.54593
184 7.95682
185 7.70627
186 7.60439
187 6.54972
188 7.31453
189 7.33506
190 7.0102
191 7.16566
192 7.30338
193 7.39781
194 8.01582
195 7.97993
196 7.45942
197 7.95676
198 7.53644
199 7.80958
200 7.99718
201 7.88106
202 7.50294
203 7.70403
204 7.42028
205 7.0924
206 7.50426
207 7.84811
208 7.61588
209 7.91713
210 7.39821
211 7.15714
212 7.40104
213 7.01309
214 6.56918
215 6.77899
216 6.91572
217 7.30704
218 7.00546
219 7.39483
220 6.96601
221 6.73539
222 7.07637
223 6.48412
224 6.37751
225 6.37765
226 6.39568
227 6.55651
228 6.80886
229 6.63957
230 6.43737
231 6.42703
232 6.33353
233 6.94694
234 7.1606
235 7.28249
236 6.91578
237 6.78771
238 7.00046
239 6.71726
240 6.81269
241 7.26749
242 6.95373
243 7.29711
244 7.62069
245 7.73219
246 7.46104
247 7.36721
248 7.23077
249 7.02378
250 6.96182
251 6.54318
252 6.50999
253 6.32122
254 6.33205
255 6.33345
256 6.86422
257 6.71959
258 6.66147
259 7.33044
260 7.01953
261 7.44339
262 7.54822
263 7.25049
264 7.12024
265 7.75092
266 7.06682
267 7.23168
268 6.64398
269 6.67555
270 7.63228
271 7.32484
272 7.26569
273 7.40567
274 6.84177
275 7.21465
276 7.09447
277 7.63561
278 7.64336
279 6.89504
280 7.17377
281 7.18481
282 6.91508
283 7.30067
284 6.7667
285 6.90166
286 6.86102
287 7.30761
288 6.93822
289 7.2001
290 6.84464
291 6.80894
292 7.03715
293 7.43154
294 8.13028
295 7.88901
296 6.86293
297 6.66499
298 6.52143
299 6.91955
300 6.92326
301 6.40116
302 6.85324
303 6.99273
304 6.50548
305 7.08766
306 6.94081
307 6.57278
308 6.97617
309 7.68894
310 7.6094
311 7.63777
312 7.7761
313 7.12691
314 6.96717
315 7.40364
316 6.85869
317 7.04924
318 6.94731
319 7.23197
320 7.56571
321 7.26825
322 7.05109
323 7.73227
324 7.53449
325 7.17268
326 7.83161
327 7.52881
328 7.81883
329 7.93382
330 8.30704
331 7.57481
332 7.38811
333 7.38843
334 6.99007
335 6.80135
336 6.30691
337 6.27068
338 6.35928
339 6.76698
340 6.83333
341 6.78582
342 6.30665
343 6.77173
344 6.93101
345 6.9552
346 7.09627
347 6.6893
348 6.73704
349 6.8114
350 7.18977
351 8.00587
352 7.48108
353 6.60449
354 7.03384
355 6.72431
356 6.73742
357 7.21498
358 7.27118
359 7.5554
360 7.66084
361 7.1429
362 7.2148
363 7.38343
364 7.61913
365 7.9781
366 7.80635
367 7.41898
368 6.82142
369 7.38079
370 7.19797
371 7.01004
372 7.99716
373 7.49194
374 6.71391
375 6.47421
376 6.26498
377 6.71827
378 6.81582
379 7.14841
380 6.70859
381 6.80139
382 7.51389
383 7.16
384 7.1136
385 7.79824
386 7.39275
387 6.9472
388 6.80745
389 6.88569
390 6.86637
391 7.37056
392 7.73118
393 7.77556
394 7.49375
395 7.75178
396 7.62565
397 7.0555
398 6.95856
399 7.80931
400 7.55247
401 7.06305
402 6.7884
403 6.69538
404 6.53618
405 6.41243
406 6.61203
407 6.72532
408 6.74304
409 7.27812
410 7.77233
411 7.67559
412 6.99104
413 7.43534
414 6.9752
415 7.88929
416 7.53781
417 7.57425
418 7.20096
419 7.21221
420 7.71667
421 7.4875
422 7.63267
423 7.30758
424 7.45373
425 7.36758
426 7.5736
427 7.22954
428 7.46316
429 6.90015
430 6.63588
431 6.9828
432 6.92355
433 7.11746
434 7.03654
435 7.34662
436 6.69182
437 6.80531
438 6.63411
439 6.65606
440 6.86429
441 6.79288
442 7.03415
443 6.92526
444 6.99803
445 6.73413
446 6.25405
447 6.30797
448 6.96112
449 7.79741
450 7.68639
451 7.71651
452 7.53196
453 7.69506
454 7.64956
455 7.72461
456 7.7055
457 7.41811
458 7.61361
459 7.98261
460 7.74739
461 7.39956
462 6.88848
463 7.30643
464 7.46531
465 7.62511
466 7.39987
467 7.05521
468 8.07224
469 7.00297
470 6.9373
471 6.84577
472 7.0877
473 7.66835
474 7.76958
475 7.28587
476 7.13895
477 7.14743
478 7.16966
479 7.86977
480 7.95426
481 7.67041
482 8.02797
483 7.35809
484 7.25589
485 7.5309
486 7.37861
487 7.03607
488 6.71856
489 7.31241
490 7.14274
491 6.95283
492 7.41097
493 7.60755
494 7.51537
495 6.91769
496 7.24331
497 7.37338
498 7.66097
499 7.30073
500 7.94234
501 7.9231
502 7.40025
503 7.19469
504 8.26683
505 7.79836
506 7.88312
507 6.88899
508 7.07779
509 6.6813
510 6.71841
511 6.68868
512 6.73002
513 6.67193
514 6.76505
515 7.2472
516 7.15459
517 7.47052
518 7.04889
519 6.71971
520 6.97815
521 6.79854
522 6.54311
523 6.67931
524 6.97831
525 7.50421
526 6.63277
527 6.91825
528 6.98862
529 7.44391
530 7.47515
531 6.87657
532 6.99596
533 6.75825
534 6.81485
535 6.53623
536 6.98586
537 7.14678
538 6.73687
539 6.79649
540 6.47572
541 6.65939
542 7.17182
543 7.58618
544 8.31872
545 8.28622
546 7.44956
547 7.37329
548 7.2761
549 7.14119
550 7.32342
551 7.23055
552 7.36539
553 6.98278
554 6.32476
555 6.65187
556 6.9436
557 7.4265
558 7.34052
559 7.29222
560 8.13353
561 8.12762
562 7.74305
563 6.96224
564 7.02229
565 6.35675
566 6.93258
567 7.81003
568 7.89646
569 7.45208
570 7.34949
571 7.71263
572 7.4073
573 7.01071
574 6.79008
575 6.94312
576 7.0968
577 7.28611
578 7.05803
579 7.14757
580 7.09927
581 7.40667
582 7.90432
583 7.56335
584 7.34949
585 8.28991
586 8.07163
587 8.25332
588 7.91474
589 7.3164
590 6.72239
591 6.96951
592 6.66867
593 7.07377
594 6.60069
595 6.44677
596 6.30796
597 6.40151
598 6.63294
599 7.40456
600 7.1166
601 7.63495
602 6.95966
603 7.51272
604 7.28518
605 6.58404
606 6.68256
607 6.42303
608 7.30836
609 7.04664
610 6.80039
611 7.18371
612 6.6857
613 6.86694
614 6.9314
615 7.00308
616 6.39654
617 7.54214
618 8.0643
619 7.55531
620 7.09103
621 6.69719
622 6.89766
623 7.25085
624 7.31682
625 7.1
626 7.37015
627 6.61812
628 6.55683
629 6.46395
630 7.00978
631 7.98528
632 7.87267
633 7.25061
634 7.0725
635 7.71035
636 9.17769
637 8.76241
638 8.32586
639 8.08087
640 8.08208
641 8.46393
642 7.84457
643 7.3832
644 7.1311
645 6.81728
646 7.09266
647 6.59139
648 6.68648
649 6.7335
650 6.71209
651 7.10271
652 7.19858
653 6.99782
654 6.99901
655 7.04523
656 7.01601
657 7.12169
658 6.84924
659 7.28551
660 6.57942
661 6.66036
662 6.54756
663 6.95454
664 6.92714
665 6.78791
666 7.69487
667 7.35949
668 7.3155
669 7.65327
670 6.74352
671 7.57368
672 7.93233
673 7.45961
674 7.70957
675 7.6719
676 8.28693
677 8.32315
678 8.49999
679 7.95154
680 7.47547
681 6.98643
682 7.03016
683 6.93745
684 7.1012
685 7.5843
686 7.61861
687 7.63929
688 7.64573
689 7.10166
690 7.58811
691 7.97174
692 7.28296
693 7.02525
694 6.94247
695 7.44591
696 6.58746
697 6.59019
698 6.55482
699 7.04595
700 6.70517
701 6.88384
702 6.70368
703 6.95556
704 6.43746
705 6.77514
706 6.59892
707 7.01385
708 7.09797
709 7.07162
710 6.39772
711 6.6723
712 6.38359
713 6.82636
714 7.18421
715 7.05389
716 7.09976
717 7.16227
718 7.61978
719 7.99884
720 7.56865
721 7.24134
722 7.32867
723 7.01621
724 6.98416
725 6.98012
726 6.85954
727 6.94779
728 7.06865
729 7.61025
730 7.18232
731 7.76268
732 8.70928
733 8.46751
734 7.96467
735 7.76192
736 7.3978
737 7.58128
738 7.86419
739 7.44179
740 7.79785
741 7.45776
742 7.33741
743 7.45131
744 6.64614
745 6.9936
746 6.63267
747 6.86741
748 7.59446
749 6.56071
750 6.43046
751 6.32225
752 6.4348
753 6.42392
754 6.57301
755 6.83974
756 6.39785
757 6.53327
758 6.90418
759 6.86469
760 6.96392
761 7.44215
762 7.14595
763 7.37386
764 7.21693
765 6.62984
766 7.39269
767 7.53199
768 7.08836
769 6.86392
770 6.50757
771 6.45541
772 6.55613
773 6.82789
774 6.75502
775 7.01163
776 6.72494
777 6.93491
778 6.97814
779 6.67886
780 6.50714
781 6.56803
782 6.72283
783 6.8656
784 6.8742
785 6.86295
786 6.92492
787 6.89666
788 6.83561
789 6.66264
790 6.57412
791 6.88737
792 6.96608
793 7.15758
794 6.70995
795 7.27323
796 7.07025
797 6.68752
798 7.25157
799 7.57591
800 7.45252
801 7.36898
802 7.13002
803 7.4866
804 7.3124
805 7.15188
806 7.02231
807 7.48878
808 7.36062
809 7.32404
810 7.12116
811 7.13306
812 6.79327
813 6.59492
814 6.80062
815 7.11971
816 7.39817
817 7.8389
818 7.70746
819 7.91694
820 7.43901
821 7.71363
822 7.30103
823 7.68116
824 7.03259
825 6.36871
826 6.95985
827 7.21104
828 7.12149
829 7.54854
830 7.18144
831 7.35905
832 6.84506
833 6.81703
834 6.88852
835 6.46808
836 6.86
837 6.84461
838 7.0498
839 7.64652
840 7.64749
841 6.87658
842 6.62615
843 6.41708
844 6.47341
845 6.87779
846 6.70647
847 6.92486
848 7.27088
849 7.34534
850 7.22105
851 6.98305
852 7.56835
853 6.88704
854 6.54944
855 7.15043
856 7.34667
857 7.2464
858 7.33037
859 8.89603
860 8.72073
861 9.16435
862 9.72816
863 9.41694
864 8.81342
865 8.5935
866 7.21944
867 7.62276
868 7.31663
869 7.61719
870 7.70092
871 7.88938
872 7.74048
873 8.00874
874 7.88031
875 7.60947
876 7.71525
877 7.34709
878 7.87781
879 7.89186
880 7.73663
881 7.33315
882 6.88375
883 6.72996
884 6.6403
885 6.60333
886 7.12824
887 6.94757
888 7.28523
889 7.78731
890 8.26217
891 8.05561
892 7.53994
893 7.13823
894 7.36981
895 6.85831
896 6.55629
897 6.72517
898 7.4297
899 6.80666
900 6.52426
901 6.56661
902 6.52006
903 6.36773
904 6.49977
905 6.77995
906 7.66213
907 8.08117
908 7.60341
909 6.71755
910 7.13819
911 6.94043
912 6.78442
913 6.71582
914 6.89588
915 7.24054
916 7.22501
917 6.72627
918 7.42839
919 6.99599
920 6.65156
921 6.98011
922 7.25187
923 7.58077
924 7.061
925 7.08965
926 6.60592
927 6.36209
928 6.25886
929 6.69501
930 6.79449
931 6.48285
932 7.00665
933 7.00425
934 7.12523
935 7.92461
936 7.85632
937 8.03315
938 7.95189
939 7.72546
940 7.56159
941 6.97077
942 6.99593
943 7.27304
944 6.79745
945 6.63675
946 7.02812
947 6.70397
948 7.06271
949 7.22629
950 7.32115
951 7.43734
952 7.00107
953 7.38095
954 7.37717
955 7.63203
956 6.95483
957 7.13789
958 7.17967
959 8.00731
960 7.82246
961 8.42447
962 7.09628
963 6.99038
964 7.00149
965 7.32372
966 7.55209
967 7.30465
968 6.46676
969 6.52463
970 6.31427
971 6.84584
972 7.38555
973 7.19319
974 7.6917
975 7.42365
976 6.74955
977 6.8097
978 6.50304
979 6.87905
980 6.78767
981 6.94243
982 7.54743
983 7.68645
984 6.82623
985 6.76126
986 6.86708
987 7.28916
988 7.08332
989 7.43959
990 7.27187
991 6.78266
992 6.78719
993 6.7377
994 7.01512
995 6.9265
996 6.9479
997 6.80039
998 7.22135
999 6.97681
1000 6.88317
1001 6.92703
1002 6.80415
1003 7.07299
1004 7.25162
1005 6.96813
1006 7.48201
1007 7.65188
1008 7.1606
1009 7.65667
1010 7.27279
1011 7.44045
1012 7.72761
1013 7.50106
1014 8.03226
1015 7.92158
1016 7.24641
1017 7.3478
1018 7.74666
1019 7.68798
1020 7.61074
1021 7.71666
1022 7.17321
1023 7.86941
1024 7.26318
1025 7.02954
1026 7.72584
1027 6.66014
1028 7.34821
1029 7.31113
1030 6.98231
1031 6.74432
1032 6.75996
1033 6.88985
1034 6.68488
1035 6.73942
1036 7.05785
1037 6.97079
1038 6.77778
1039 6.84673
1040 6.69981
1041 6.88112
1042 7.09257
1043 7.00673
1044 7.4755
1045 7.16107
1046 7.03031
1047 6.71729
1048 6.95921
1049 6.9452
1050 7.31259
1051 6.72982
1052 7.272
1053 6.83783
1054 6.51013
1055 6.48665
1056 6.48922
1057 6.50862
1058 6.60288
1059 6.71725
1060 6.7842
1061 7.07
1062 7.1004
1063 6.81592
1064 6.8459
1065 6.781
1066 6.48324
1067 6.64478
1068 6.83427
1069 6.92263
1070 7.73933
1071 7.43381
1072 7.59512
1073 7.18211
1074 7.18379
1075 7.07253
1076 7.04313
1077 7.03143
1078 7.10445
1079 6.68477
1080 7.2372
1081 7.01762
1082 7.07394
1083 7.03913
1084 7.06693
1085 6.96791
1086 6.73598
1087 7.15134
1088 7.28808
1089 7.55411
1090 7.11511
1091 7.14922
1092 7.6212
1093 7.31799
1094 7.2643
1095 6.85398
1096 7.36015
1097 7.34133
1098 7.21419
1099 7.70652
1100 6.92627
1101 6.9193
1102 7.46577
1103 7.2778
1104 7.26233
1105 7.27787
1106 7.15229
1107 7.40442
1108 6.98132
1109 7.22842
1110 6.85191
1111 6.38458
1112 6.93649
1113 7.048
1114 6.93681
1115 7.12216
1116 7.19326
1117 7.38747
1118 6.96676
1119 7.48358
1120 7.57675
1121 7.28003
1122 7.17327
1123 6.94912
1124 6.84764
1125 6.62477
1126 6.92633
1127 6.856
1128 7.12134
1129 6.98454
1130 6.75009
1131 6.62185
1132 6.58116
1133 6.75083
1134 6.70949
1135 7.1141
1136 7.36079
1137 7.21798
1138 7.20857
1139 7.22072
1140 6.94565
1141 6.70061
1142 6.41258
1143 7.20955
1144 6.8278
1145 6.54878
1146 6.53398
1147 6.99483
1148 6.66674
1149 6.80595
1150 6.74641
1151 7.32293
1152 7.6404
1153 7.22484
1154 7.09483
1155 7.14484
1156 6.97021
1157 6.73676
1158 7.52773
1159 7.74331
1160 7.30082
1161 7.13097
1162 7.53249
1163 7.59101
1164 7.21357
1165 7.20969
1166 7.44001
1167 7.66626
1168 7.17428
1169 7.31852
1170 7.37832
1171 7.29144
1172 6.96579
1173 7.00256
1174 6.4777
1175 6.57623
1176 6.41559
1177 7.49503
1178 6.76445
1179 6.48284
1180 6.52129
1181 6.60386
1182 6.77248
1183 6.5269
1184 6.87145
1185 7.47651
1186 6.87518
1187 6.88028
1188 7.229
1189 7.11757
1190 8.06933
1191 7.74308
1192 7.50365
1193 8.36633
1194 8.06913
1195 8.22843
1196 7.2733
1197 7.15343
1198 7.52858
1199 7.33787
1200 6.96436
1201 6.54454
1202 7.21421
1203 6.70871
1204 6.6219
1205 6.55939
1206 6.81751
1207 7.12573
1208 7.0599
1209 6.61276
1210 6.87066
1211 7.19169
1212 6.85365
1213 7.29012
1214 7.27342
1215 7.77522
1216 7.30376
1217 7.33878
1218 7.49438
1219 7.36622
1220 7.85952
1221 7.69777
1222 7.45577
1223 7.97961
1224 7.44194
1225 7.69229
1226 7.51044
1227 7.35051
1228 7.33634
1229 7.46584
1230 7.50626
1231 7.40649
1232 7.9058
1233 7.60625
1234 7.44277
1235 7.2301
1236 7.22158
1237 7.49919
1238 7.32363
1239 7.0616
1240 6.78581
1241 7.25826
1242 7.88068
1243 8.00092
1244 7.61951
1245 7.07127
1246 7.64052
1247 7.73831
1248 7.41141
1249 6.83264
1250 6.70315
1251 6.80461
1252 6.95049
1253 6.47893
1254 6.94865
1255 6.71101
1256 6.67276
1257 6.48234
1258 6.49898
1259 6.47921
1260 6.82288
1261 7.03045
1262 6.60469
1263 6.9317
1264 7.51565
1265 7.00131
1266 7.16262
1267 7.17798
1268 7.48133
1269 7.27919
1270 7.665
1271 7.80942
1272 7.48102
1273 7.14391
1274 6.95943
1275 6.82856
1276 6.70313
1277 6.81838
1278 6.72514
1279 7.25255
1280 6.65536
1281 6.80192
1282 7.0525
1283 7.61249
1284 8.03599
1285 6.94582
1286 7.32448
1287 7.60743
1288 7.85225
1289 8.02655
1290 7.50102
1291 7.09215
1292 6.96676
1293 6.84314
1294 7.01089
1295 6.91354
1296 6.91129
1297 6.50572
1298 7.208
1299 8.21658
1300 8.18172
1301 7.55047
1302 7.43114
1303 7.21423
1304 7.46169
1305 8.08588
1306 7.67245
1307 7.51117
1308 7.19738
1309 6.56554
1310 6.7389
1311 7.18191
1312 7.64701
1313 7.72512
1314 7.39074
1315 7.73508
1316 7.27974
1317 6.78843
1318 6.83486
1319 7.47759
1320 7.91234
1321 7.81136
1322 7.07136
1323 6.50673
1324 6.48716
1325 6.38133
1326 6.31483
1327 6.52018
1328 6.53977
1329 6.2632
1330 6.36594
1331 6.48405
1332 7.13649
1333 7.0269
1334 7.0842
1335 6.92595
1336 7.67062
1337 7.35827
1338 7.30336
1339 6.77931
1340 6.83793
1341 6.8718
1342 7.47251
1343 7.13298
1344 7.4837
1345 7.93673
1346 7.47777
1347 7.05382
1348 6.52917
1349 7.02425
1350 6.81793
1351 7.33891
1352 7.23644
1353 6.85663
1354 7.67769
1355 7.39127
1356 6.87485
1357 6.94338
1358 6.55577
1359 6.55915
1360 6.7486
1361 7.09004
1362 7.11824
1363 6.67196
1364 6.63364
1365 6.63395
1366 6.82636
1367 6.7577
1368 7.12892
1369 7.19538
1370 7.3298
1371 7.63859
1372 7.36348
1373 7.07536
1374 7.52035
1375 7.43449
1376 7.81092
1377 7.52042
1378 6.83719
1379 7.04204
1380 6.711
1381 6.83672
1382 7.00136
1383 7.74589
1384 7.54535
1385 7.33012
1386 7.56428
1387 7.58326
1388 7.12289
1389 7.56477
1390 7.40125
1391 7.14464
1392 7.61675
1393 7.47126
1394 7.70637
1395 8.0553
1396 7.23845
1397 7.07054
1398 7.38258
1399 7.2125
1400 6.77688
1401 6.80811
1402 6.91491
1403 7.63123
1404 7.8114
1405 7.46074
1406 7.91666
1407 7.90291
1408 7.56343
1409 6.9889
1410 7.47366
1411 7.30461
1412 7.08111
1413 6.61972
1414 7.55809
1415 8.40142
1416 7.96298
1417 8.08354
1418 6.95198
1419 6.94653
1420 7.07016
1421 7.08826
1422 6.72969
1423 7.01944
1424 7.14647
1425 7.05822
1426 6.7714
1427 6.87197
1428 6.43428
1429 6.54469
1430 7.45094
1431 7.4765
1432 7.83724
1433 8.14562
1434 8.00954
1435 8.14755
1436 8.38373
1437 8.20975
1438 8.4275
1439 7.54273
1440 6.96065
1441 7.15377
1442 7.58572
1443 7.83166
1444 6.88656
1445 6.83611
1446 7.0563
1447 7.24465
1448 7.68805
1449 7.27201
1450 7.3984
1451 7.44598
1452 8.09274
1453 7.52929
1454 7.149
1455 7.3434
1456 6.49458
1457 6.6671
1458 6.64936
1459 6.6655
1460 6.67303
1461 6.75396
1462 6.77971
1463 6.91033
1464 7.11649
1465 7.34032
1466 6.50331
1467 6.67029
1468 6.78443
1469 7.29885
1470 7.08896
1471 7.42824
1472 6.60768
1473 6.40529
1474 6.43519
1475 6.81327
1476 7.07782
1477 6.89854
1478 6.98733
1479 6.80911
1480 6.9707
1481 6.95275
1482 6.63539
1483 7.02209
1484 7.35777
1485 7.13883
1486 7.39894
1487 7.35287
1488 7.01687
1489 7.25075
1490 7.16326
1491 7.24602
1492 7.28953
1493 7.29595
1494 7.1418
1495 6.99558
1496 6.9908
1497 7.19578
1498 7.0082
1499 7.01704
1500 6.72788
1501 6.81664
1502 6.69234
1503 6.7665
1504 6.44989
1505 7.3741
1506 6.83625
1507 6.83223
1508 6.54091
1509 6.47955
1510 6.99167
1511 6.99002
1512 6.96071
1513 6.81346
1514 7.07149
1515 6.92141
1516 7.13982
1517 7.39147
1518 7.64952
1519 8.28522
1520 7.87075
1521 7.32675
1522 7.18628
1523 7.10956
1524 7.29984
1525 7.82437
1526 7.84194
1527 8.11621
1528 7.88258
1529 7.2091
1530 7.07914
1531 7.48826
1532 7.33119
1533 7.68424
1534 7.77703
1535 6.59848
1536 6.9939
1537 6.477
1538 6.86481
1539 7.05461
1540 6.99473
1541 6.80074
1542 6.86917
1543 7.13085
1544 7.15036
1545 6.95523
1546 7.40989
1547 6.62848
1548 6.86299
1549 6.67085
1550 6.61469
1551 6.81216
1552 7.55374
1553 7.4282
1554 7.07736
1555 6.96673
1556 7.18867
1557 7.34989
1558 7.3117
1559 6.87871
1560 7.04092
1561 7.86824
1562 8.01425
1563 7.02959
1564 6.60165
1565 7.21755
1566 7.82146
1567 7.25807
1568 6.61997
1569 7.64691
1570 7.34447
1571 7.48079
1572 7.31654
1573 6.94871
1574 7.38484
1575 7.365
1576 7.15612
1577 6.90224
1578 7.29774
1579 7.09637
1580 6.89101
1581 7.24191
1582 7.10515
1583 7.09918
1584 7.18529
1585 7.12215
1586 7.27972
1587 7.6607
1588 7.35833
1589 7.44547
1590 6.91557
1591 6.93096
1592 7.00277
1593 7.78695
1594 7.56924
1595 7.55107
1596 7.92415
1597 7.4856
1598 7.15438
1599 6.9608
1600 6.41118
1601 7.43405
1602 7.37247
1603 7.78836
1604 7.57069
1605 7.47648
1606 7.02034
1607 7.22642
1608 6.81304
1609 7.21639
1610 6.84631
1611 6.56648
1612 6.8613
1613 7.51266
1614 7.25653
1615 6.88283
1616 6.89895
1617 7.33219
1618 7.20982
1619 6.99339
1620 6.68803
1621 6.80434
1622 6.98291
1623 6.76719
1624 6.622
1625 6.9283
1626 6.65633
1627 6.87902
1628 6.96734
1629 7.07062
1630 6.53014
1631 6.56316
1632 6.64094
1633 6.71617
1634 6.47424
1635 6.80882
1636 7.0554
1637 7.24796
1638 7.27631
1639 8.38659
1640 7.31272
1641 7.16482
1642 6.92323
1643 6.7038
1644 7.16596
1645 6.61983
1646 7.01516
1647 6.6989
1648 7.21271
1649 6.78807
1650 7.50088
1651 7.74044
1652 7.80968
1653 7.43839
1654 6.83656
1655 7.09641
1656 7.20189
1657 6.86884
1658 7.1366
1659 7.4368
1660 6.71633
1661 6.83304
1662 6.92984
1663 7.49341
1664 6.8572
1665 6.80897
1666 7.10974
1667 6.89582
1668 7.10043
1669 6.5398
1670 6.68252
1671 6.34394
1672 6.74767
1673 6.58346
1674 7.0339
1675 7.15462
1676 7.50723
1677 6.61445
1678 6.52356
1679 6.80926
1680 6.97092
1681 6.86674
1682 7.1596
1683 6.70579
1684 6.38588
1685 6.94296
1686 6.98209
1687 6.80948
1688 6.84458
1689 6.41279
1690 6.54124
1691 6.68085
1692 7.50977
1693 7.07487
1694 6.90505
1695 6.85993
1696 7.33662
1697 7.59377
1698 7.51928
1699 6.98222
1700 6.99673
1701 7.02674
1702 7.31274
1703 7.41162
1704 7.34305
1705 7.24498
1706 6.562
1707 7.01942
1708 7.48396
1709 6.97634
1710 7.10741
1711 7.12108
1712 6.94313
1713 6.96633
1714 7.21206
1715 7.21672
1716 7.59862
1717 7.91784
1718 7.67678
1719 7.39421
1720 7.63167
1721 7.49013
1722 7.27019
1723 7.10502
1724 7.27167
1725 7.27869
1726 7.11085
1727 7.21477
1728 7.06665
1729 6.83916
1730 7.23427
1731 7.52392
1732 7.82586
1733 7.48514
1734 7.46531
1735 7.55735
1736 6.99589
1737 7.27561
1738 7.12353
1739 7.27974
1740 7.27534
1741 7.04932
1742 6.86878
1743 6.94966
1744 6.81485
1745 6.95793
1746 7.82776
1747 7.55394
1748 6.73274
1749 6.70908
1750 6.74023
1751 7.11003
1752 7.08387
1753 7.22961
1754 6.53852
1755 6.56408
1756 6.62128
1757 6.85686
1758 7.2607
1759 7.56829
1760 7.76569
1761 7.45185
1762 7.1398
1763 6.82467
1764 7.04461
1765 7.26082
1766 7.17222
1767 6.8519
1768 6.79025
1769 6.68756
1770 6.37426
1771 6.48641
1772 6.81318
1773 7.36003
1774 7.12181
1775 6.73789
1776 7.31494
1777 7.7266
1778 7.76737
1779 8.08545
1780 8.04416
1781 7.38772
1782 6.65237
1783 7.44659
1784 7.39759
1785 7.70183
1786 7.98451
1787 6.97354
1788 7.01522
1789 7.48188
1790 7.54247
1791 8.07428
1792 7.85538
1793 8.29048
1794 7.59519
1795 7.80297
1796 7.3014
1797 7.1051
1798 7.56579
1799 7.23577
1800 7.10596
1801 6.78634
1802 6.78473
1803 6.47723
1804 6.46473
1805 6.65182
1806 7.12239
1807 7.16281
1808 7.28574
1809 6.94648
1810 6.9037
1811 6.89588
1812 7.16387
1813 7.38005
1814 7.64855
1815 7.89321
1816 7.82475
1817 7.4274
1818 7.08526
1819 7.21985
1820 6.71203
1821 6.70804
1822 6.78884
1823 7.08488
1824 7.5619
1825 7.32589
1826 6.9066
1827 6.94508
1828 6.54662
1829 6.69274
1830 7.33768
1831 6.97898
1832 7.52879
1833 7.28486
1834 6.78968
1835 6.53781
1836 6.66684
1837 6.9187
1838 7.28622
1839 7.45979
1840 7.79758
1841 6.9826
1842 6.79049
1843 6.63774
1844 7.02491
1845 7.09983
1846 7.00057
1847 7.60533
1848 7.45193
1849 7.58713
1850 7.22829
1851 7.33585
1852 6.93224
1853 7.55683
1854 7.13439
1855 6.99303
1856 7.37639
1857 7.40757
1858 6.82634
1859 6.65507
1860 6.70637
1861 6.70981
1862 6.53575
1863 6.6365
1864 6.81715
1865 6.88823
1866 6.75836
1867 6.64269
1868 7.15678
1869 7.58707
1870 7.78566
1871 7.9347
1872 8.22728
1873 8.38475
1874 8.53654
1875 8.58796
1876 8.17724
1877 7.38178
1878 7.96134
1879 8.3718
1880 7.40629
1881 7.32208
1882 7.67934
1883 7.84919
1884 7.71321
1885 7.48644
1886 7.15143
1887 6.95176
1888 7.05185
1889 7.1648
1890 7.15417
1891 7.25195
1892 7.4386
1893 7.22502
1894 6.80304
1895 7.14727
1896 7.32807
1897 7.84233
1898 6.99497
1899 7.15918
1900 7.96768
1901 7.36513
1902 7.23193
1903 6.77966
1904 7.24599
1905 7.1755
1906 7.70963
1907 7.4673
1908 7.60212
1909 7.68546
1910 7.60731
1911 7.18035
1912 6.73225
1913 6.98258
1914 7.61735
1915 8.3491
1916 8.32437
1917 8.18334
1918 8.84928
1919 7.97288
1920 7.79008
1921 8.04666
1922 7.42001
1923 7.77711
1924 7.59413
1925 8.17273
1926 7.87436
1927 8.21738
1928 7.10116
1929 6.6718
1930 7.37138
1931 7.30996
1932 7.66397
1933 8.25073
1934 7.65802
1935 7.89538
1936 7.84759
1937 7.39408
1938 7.71163
1939 7.72529
1940 7.22476
1941 6.95721
1942 6.52748
1943 6.50334
1944 6.36022
1945 6.50256
1946 6.47344
1947 6.55003
1948 6.73531
1949 6.41317
1950 6.99017
1951 6.86282
1952 6.74231
1953 6.56941
1954 6.37401
1955 6.40964
1956 6.37275
1957 6.79054
1958 6.88065
1959 7.11587
1960 7.41793
1961 7.00459
1962 7.33784
1963 6.86569
1964 7.34903
1965 7.1073
1966 7.34531
1967 7.6829
1968 7.39225
1969 7.42181
1970 7.78448
1971 7.45486
1972 6.8299
1973 7.36175
1974 7.4494
1975 7.13188
1976 7.21449
1977 6.4918
1978 6.41986
1979 6.59511
1980 6.8734
1981 6.65656
1982 6.87086
1983 7.02389
1984 6.83031
1985 7.53664
1986 7.62559
1987 7.71843
1988 7.20742
1989 7.29685
1990 7.30144
1991 7.79303
1992 7.76558
1993 8.42317
1994 7.82682
1995 7.90518
1996 8.31875
1997 7.72575
1998 7.54628
1999 7.95502
2000 7.86994
