1 34.4382
2 32.8655
3 31.4132
4 30.8329
5 29.4679
6 28.3982
7 27.5541
8 26.2421
9 25.5368
10 25.3316
11 24.8521
12 25.0377
13 23.8487
14 23.4236
15 22.8937
16 22.5246
17 21.384
18 21.6606
19 21.466
20 20.0787
21 20.2351
22 19.2141
23 19.1027
24 17.9976
25 17.7019
26 17.5517
27 16.956
28 16.6536
29 16.2644
30 16.225
31 16.2973
32 16.1601
33 15.6909
34 15.1618
35 15.0359
36 14.8629
37 14.7695
38 15.1007
39 14.2168
40 14.066
41 14.254
42 14.5196
43 14.0149
44 13.9026
45 14.5856
46 14.1625
47 14.195
48 14.4768
49 14.4447
50 14.0237
51 14.1556
52 14.2735
53 13.992
54 13.5138
55 13.0918
56 12.4688
57 12.3666
58 12.2467
59 13.0886
60 13.2953
61 12.0195
62 11.2013
63 11.1318
64 11.3496
65 10.8949
66 11.244
67 11.0344
68 11.0539
69 11.0316
70 10.9924
71 10.9423
72 11
73 10.8464
74 10.435
75 9.22916
76 8.56603
77 8.93591
78 8.9877
79 9.15151
80 8.87757
81 9.04446
82 9.00737
83 8.71668
84 8.8304
85 8.79545
86 9.35362
87 9.04573
88 8.79723
89 8.95555
90 9.49156
91 9.10649
92 9.22609
93 8.87651
94 8.7451
95 8.60986
96 8.93215
97 9.00109
98 8.39334
99 8.57453
100 8.23376
101 8.37832
102 8.40234
103 8.19461
104 8.22261
105 7.77727
106 7.9122
107 7.53626
108 8.22221
109 8.26051
110 8.29139
111 8.15727
112 7.47435
113 7.50808
114 8.27291
115 8.23105
116 8.9887
117 8.86997
118 8.05426
119 7.69325
120 7.7485
121 8.07807
122 7.43358
123 7.82767
124 8.12621
125 8.19814
126 7.90028
127 8.02191
128 7.97377
129 8.50344
130 8.88042
131 8.99597
132 9.1251
133 9.0189
134 8.4758
135 8.19682
136 7.90093
137 7.75488
138 7.84516
139 7.48901
140 7.24038
141 7.26209
142 6.72972
143 6.86204
144 7.24345
145 6.97448
146 7.12416
147 7.50913
148 7.11606
149 7.47052
150 6.73586
151 6.87216
152 6.96001
153 6.89669
154 7.42833
155 7.60507
156 8.23302
157 7.67967
158 7.58065
159 7.09314
160 7.30197
161 7.6717
162 7.62977
163 7.41857
164 7.38139
165 8.2185
166 7.55386
167 7.40363
168 7.60238
169 7.65101
170 8.28877
171 7.58353
172 7.41158
173 7.75575
174 7.20628
175 7.38551
176 8.08636
177 7.70423
178 7.755
179 7.78505
180 8.11608
181 7.77267
182 7.56686
183 7.74329
184 7.94241
185 7.53864
186 7.5323
187 7.46504
188 8.55546
189 9.27172
190 9.05475
191 8.83285
192 8.31463
193 7.36108
194 7.21365
195 7.64949
196 7.01455
197 7.15538
198 7.22784
199 7.28484
200 7.22808
201 6.87708
202 6.93363
203 7.31886
204 8.04292
205 7.73677
206 6.89524
207 6.4938
208 6.61409
209 7.03309
210 7.02557
211 6.76316
212 6.41843
213 6.67306
214 6.4815
215 6.59971
216 6.38314
217 6.51754
218 6.71864
219 7.44414
220 7.87281
221 7.09746
222 7.23567
223 7.01738
224 7.01056
225 7.61477
226 7.63968
227 7.79464
228 7.41951
229 7.41228
230 7.28757
231 6.87335
232 7.11458
233 7.35832
234 7.36772
235 7.37484
236 7.55992
237 7.41851
238 7.09971
239 7.32743
240 7.33833
241 7.40716
242 6.88608
243 7.04204
244 7.06097
245 6.9867
246 6.91143
247 6.79744
248 6.73981
249 7.14429
250 6.71984
251 6.72338
252 7.02915
253 7.68088
254 6.8648
255 7.1213
256 7.39866
257 7.35295
258 7.34386
259 7.16732
260 6.73094
261 7.16631
262 7.57923
263 7.61713
264 7.68463
265 7.63562
266 7.36671
267 7.18716
268 7.44674
269 7.75156
270 7.13635
271 7.05209
272 6.93361
273 6.61064
274 7.19927
275 8.04145
276 7.75384
277 7.61089
278 7.62719
279 7.23005
280 7.17873
281 6.93962
282 6.72128
283 7.08092
284 6.77704
285 6.98258
286 7.21616
287 7.26157
288 7.69917
289 7.37058
290 6.84826
291 6.80226
292 6.62348
293 7.24492
294 7.37688
295 7.48335
296 7.01332
297 7.79362
298 8.60971
299 8.70163
300 8.56027
301 8.48778
302 7.50008
303 7.29021
304 6.6015
305 7.24306
306 7.12825
307 7.01942
308 6.61995
309 6.81183
310 6.66834
311 6.81002
312 7.27081
313 6.75043
314 6.74126
315 6.94107
316 7.13195
317 7.47367
318 6.99621
319 6.71636
320 6.7709
321 7.15644
322 6.77379
323 6.65469
324 6.7963
325 6.35401
326 6.62633
327 6.96203
328 6.80648
329 7.00997
330 7.27726
331 7.22475
332 7.07434
333 8.13571
334 8.03818
335 7.98575
336 7.94089
337 7.70205
338 7.69915
339 7.50479
340 7.87423
341 7.90598
342 7.23509
343 7.12828
344 7.50546
345 7.57032
346 7.53878
347 7.45494
348 7.33535
349 7.60364
350 6.73992
351 7.10791
352 7.66346
353 7.7371
354 7.4017
355 7.58421
356 7.3879
357 7.06705
358 7.16422
359 7.00357
360 7.03458
361 6.81136
362 6.57823
363 7.36657
364 7.13655
365 7.4713
366 7.36318
367 6.9231
368 6.69323
369 7.34275
370 7.39614
371 7.23904
372 7.16131
373 6.88577
374 7.03565
375 7.55264
376 7.11037
377 7.45678
378 7.45941
379 7.4792
380 7.15744
381 6.83174
382 7.37958
383 7.21955
384 7.20286
385 7.36758
386 7.56165
387 7.81235
388 7.25397
389 7.00586
390 7.272
391 7.04853
392 7.08606
393 7.72889
394 7.63853
395 7.95982
396 8.26325
397 7.17144
398 6.60513
399 7.5574
400 7.32619
401 7.16974
402 7.38381
403 7.52539
404 7.87777
405 7.79538
406 7.92712
407 8.13232
408 8.04909
409 7.98626
410 8.13173
411 8.0237
412 7.46588
413 7.11434
414 6.78797
415 7.12472
416 6.48786
417 6.49038
418 6.44146
419 6.42977
420 7.03863
421 7.06745
422 7.39965
423 7.68099
424 7.02694
425 7.17199
426 7.38673
427 7.45384
428 7.73292
429 7.33871
430 7.57777
431 7.50203
432 7.15723
433 6.66745
434 6.49151
435 6.90673
436 6.87376
437 6.73292
438 6.8479
439 7.11855
440 6.90426
441 6.61677
442 6.66388
443 6.93345
444 7.48071
445 7.73266
446 7.58246
447 7.06732
448 7.66143
449 7.12115
450 6.82177
451 6.67447
452 6.58482
453 6.72651
454 6.66255
455 6.85678
456 6.87354
457 6.58803
458 6.89636
459 7.08791
460 7.28255
461 7.79008
462 7.70995
463 6.96782
464 7.34797
465 7.57711
466 7.28617
467 7.02578
468 7.38471
469 7.6441
470 7.81499
471 7.27827
472 8.17705
473 7.86226
474 7.41009
475 7.11901
476 6.99319
477 6.48204
478 6.91761
479 7.58713
480 7.78223
481 7.7371
482 7.46866
483 7.28131
484 6.87379
485 7.15801
486 7.36892
487 7.14207
488 7.07404
489 7.23669
490 7.57433
491 7.13641
492 7.31583
493 7.87666
494 7.09826
495 7.64496
496 7.64728
497 7.22348
498 7.05376
499 7.58972
500 7.78775
501 7.52915
502 7.45558
503 7.48919
504 7.17146
505 6.81089
506 6.70456
507 7.25248
508 6.78858
509 7.50347
510 7.23581
511 7.13881
512 6.66168
513 7.35214
514 7.64866
515 7.88831
516 7.45895
517 7.53117
518 7.00248
519 7.56808
520 7.07666
521 7.50133
522 7.28779
523 7.59434
524 7.10182
525 6.67074
526 7.26225
527 7.45092
528 7.32601
529 7.40313
530 7.08746
531 8.34676
532 8.25813
533 8.08115
534 7.51296
535 7.84697
536 7.21393
537 7.19734
538 6.7772
539 6.72224
540 6.64757
541 6.4082
542 6.62305
543 6.55563
544 7.32009
545 7.08589
546 7.14212
547 7.59117
548 7.38333
549 7.09275
550 8.39363
551 7.78315
552 7.13181
553 7.23537
554 7.47428
555 7.75256
556 7.0893
557 6.94265
558 6.8132
559 6.85748
560 6.78887
561 6.4807
562 6.45766
563 6.63237
564 6.47966
565 6.56229
566 6.40291
567 6.6204
568 6.79731
569 7.15215
570 7.29424
571 7.34497
572 7.02909
573 6.82837
574 6.78568
575 6.48795
576 7.44069
577 6.87463
578 6.34803
579 6.3898
580 6.29777
581 6.25875
582 6.70711
583 6.79006
584 7.56006
585 7.57597
586 7.60874
587 7.8631
588 7.68589
589 6.92106
590 7.03382
591 6.81229
592 7.06266
593 7.35588
594 7.63679
595 7.26061
596 7.13581
597 6.75308
598 7.37674
599 7.3308
600 7.65848
601 7.18732
602 7.40874
603 7.08331
604 7.40793
605 6.75134
606 6.34438
607 6.37413
608 7.49466
609 6.93756
610 7.28039
611 7.80766
612 7.14657
613 7.45789
614 7.26049
615 7.36629
616 7.67075
617 6.71848
618 6.76228
619 6.92538
620 7.39034
621 7.32274
622 6.8866
623 6.5553
624 6.29916
625 7.04687
626 7.71703
627 7.14698
628 7.29151
629 7.35353
630 7.71419
631 7.75603
632 8.01275
633 7.41461
634 7.24083
635 6.82466
636 7.09955
637 7.13441
638 7.33295
639 7.81177
640 6.93855
641 6.3573
642 6.76705
643 6.89497
644 6.91142
645 8.08382
646 7.84367
647 7.26884
648 6.79449
649 6.78608
650 6.36007
651 6.62436
652 6.73095
653 7.16384
654 6.75641
655 6.72951
656 6.52146
657 6.90602
658 7.15402
659 6.90699
660 6.9051
661 6.52231
662 7.06085
663 7.48929
664 7.56977
665 7.65618
666 7.94306
667 7.29288
668 7.18956
669 7.48696
670 6.94676
671 6.76054
672 6.8952
673 7.12901
674 7.08326
675 7.14343
676 7.10973
677 7.0408
678 7.05565
679 7.27481
680 7.18683
681 6.96955
682 6.69889
683 7.08075
684 7.24997
685 7.791
686 7.35282
687 6.83215
688 6.83564
689 6.87841
690 8.19773
691 7.07709
692 6.9008
693 6.83246
694 6.67394
695 6.41955
696 6.80269
697 7.07176
698 7.42741
699 6.97845
700 7.35406
701 6.80465
702 6.90796
703 7.10026
704 7.84458
705 6.89971
706 6.63907
707 7.33974
708 7.23994
709 7.129
710 7.09316
711 7.48396
712 7.44707
713 7.0559
714 6.69725
715 6.80946
716 6.3482
717 6.41632
718 7.43007
719 7.11811
720 7.1434
721 7.92236
722 7.65487
723 7.55242
724 8.45967
725 8.17259
726 7.64461
727 7.66556
728 7.18453
729 7.11289
730 6.77822
731 6.51568
732 6.59723
733 7.17942
734 7.24463
735 7.40628
736 7.33436
737 7.0728
738 6.87772
739 6.81266
740 6.82085
741 6.38548
742 6.28084
743 6.49023
744 6.56657
745 6.86693
746 6.57904
747 6.76988
748 6.95153
749 6.7293
750 6.85284
751 6.57361
752 6.55463
753 6.55178
754 6.90834
755 7.21016
756 6.87409
757 7.31554
758 8.10785
759 7.49862
760 7.6327
761 7.58813
762 6.99823
763 7.05464
764 7.21444
765 6.76032
766 6.74894
767 6.74605
768 7.08146
769 6.9575
770 7.15619
771 6.84124
772 7.06652
773 7.4284
774 7.33395
775 6.90343
776 7.54746
777 6.93967
778 6.72933
779 6.59607
780 6.56997
781 6.39393
782 6.58979
783 6.80314
784 6.93782
785 7.03587
786 7.31365
787 7.02141
788 7.20044
789 6.92805
790 6.9995
791 6.91056
792 6.74306
793 6.24595
794 6.32783
795 6.89235
796 7.42689
797 7.33055
798 7.22405
799 7.08217
800 6.68828
801 7.34124
802 7.378
803 7.26896
804 7.27601
805 7.59864
806 6.77504
807 7.70709
808 7.0627
809 7.41406
810 7.37259
811 7.99247
812 7.72839
813 7.62054
814 7.44439
815 7.48068
816 7.0576
817 6.89753
818 7.92846
819 7.61304
820 7.63341
821 8.08303
822 7.66624
823 7.93267
824 7.54278
825 8.28492
826 7.9677
827 7.93996
828 7.8428
829 7.30466
830 7.28401
831 7.29977
832 7.57291
833 7.8717
834 7.55244
835 7.36074
836 6.98755
837 6.68145
838 7.11277
839 6.70431
840 6.47622
841 6.54351
842 6.6459
843 7.41915
844 7.39162
845 7.18224
846 6.92524
847 6.421
848 6.55366
849 7.02476
850 7.55831
851 7.44318
852 7.03659
853 6.9081
854 7.18052
855 7.18807
856 6.9172
857 7.27803
858 6.96125
859 6.6587
860 6.53064
861 7.04666
862 6.70393
863 7.49952
864 7.37653
865 7.57954
866 7.48999
867 7.03886
868 6.97376
869 6.69338
870 6.64725
871 6.54589
872 6.56439
873 6.78715
874 6.72438
875 6.86732
876 6.76983
877 6.90274
878 7.24211
879 6.48814
880 6.70994
881 6.95624
882 7.35836
883 7.58239
884 6.64988
885 6.86327
886 7.16915
887 7.26227
888 7.81035
889 7.67147
890 8.29043
891 7.58184
892 7.05167
893 6.4349
894 6.86704
895 6.37
896 6.65585
897 6.41785
898 6.62695
899 7.58417
900 7.38813
901 7.15413
902 7.44973
903 7.25814
904 7.63845
905 7.83409
906 8.17495
907 8.02416
908 7.89558
909 7.56003
910 6.8444
911 7.16669
912 6.57508
913 6.63428
914 6.77968
915 7.36874
916 7.14548
917 7.22736
918 6.94142
919 6.47508
920 6.99527
921 7.25041
922 7.22463
923 6.3625
924 6.32742
925 6.50518
926 6.69738
927 7.12283
928 7.39232
929 7.2622
930 7.21036
931 7.35035
932 7.65732
933 7.95862
934 7.80334
935 7.68934
936 7.68284
937 7.52257
938 7.86169
939 7.44917
940 7.18618
941 7.47507
942 7.25395
943 7.68523
944 6.92933
945 7.69189
946 7.35133
947 7.70822
948 7.12559
949 6.79276
950 6.83405
951 6.84044
952 6.64586
953 6.84566
954 7.1211
955 7.09697
956 7.34684
957 6.90959
958 6.83069
959 7.34623
960 6.9427
961 7.22068
962 6.61733
963 6.6955
964 7.1121
965 7.09935
966 7.41279
967 7.49664
968 7.21232
969 7.10721
970 7.17977
971 7.18212
972 7.65082
973 7.74052
974 6.87246
975 7.16468
976 6.84861
977 6.90386
978 7.17461
979 7.30188
980 7.07372
981 6.68329
982 6.75486
983 6.59306
984 6.83135
985 6.52806
986 6.35357
987 6.77132
988 7.0739
989 7.38914
990 7.47645
991 7.01933
992 7.45696
993 7.32696
994 7.43727
995 7.75985
996 7.24577
997 6.98449
998 6.66177
999 7.04249
1000 7.29321
1001 6.70481
1002 6.90298
1003 7.88141
1004 7.98475
1005 7.9657
1006 7.92458
1007 7.96293
1008 7.024
1009 6.73674
1010 6.94518
1011 7.2289
1012 7.11787
1013 6.62386
1014 7.10903
1015 6.98829
1016 6.85019
1017 6.58784
1018 6.90184
1019 6.6599
1020 7.05765
1021 6.82689
1022 6.34366
1023 6.54145
1024 6.59785
1025 6.5526
1026 6.51309
1027 7.26876
1028 7.0888
1029 7.1014
1030 6.67446
1031 6.59272
1032 7.00287
1033 7.5555
1034 7.03775
1035 6.85067
1036 7.24952
1037 7.49344
1038 7.18519
1039 7.26785
1040 7.43336
1041 7.71883
1042 6.99403
1043 6.7108
1044 6.47836
1045 6.64469
1046 7.19493
1047 7.19542
1048 7.25512
1049 7.26791
1050 7.08232
1051 7.66709
1052 7.5714
1053 7.56483
1054 7.58304
1055 7.03615
1056 6.42874
1057 6.53598
1058 6.57777
1059 6.82284
1060 7.51467
1061 6.86363
1062 7.20595
1063 7.34806
1064 6.69623
1065 6.6527
1066 6.90388
1067 6.77383
1068 6.58594
1069 6.61821
1070 6.92792
1071 6.52096
1072 6.65378
1073 6.67747
1074 6.84898
1075 7.105
1076 6.76768
1077 6.58822
1078 6.67954
1079 6.59902
1080 6.61995
1081 7.00573
1082 6.7177
1083 6.36212
1084 6.36944
1085 6.25517
1086 6.51378
1087 6.77149
1088 6.69245
1089 7.00273
1090 7.1894
1091 7.22566
1092 7.33738
1093 7.10549
1094 7.15595
1095 7.05464
1096 7.25854
1097 6.76049
1098 7.29288
1099 7.29322
1100 7.76466
1101 7.38482
1102 7.16302
1103 6.85513
1104 6.71607
1105 7.3181
1106 7.19392
1107 6.82057
1108 7.0814
1109 7.41857
1110 7.04493
1111 6.73085
1112 7.33472
1113 6.72985
1114 7.10606
1115 6.96677
1116 6.8734
1117 7.40733
1118 7.74611
1119 7.822
1120 8.246
1121 8.37493
1122 8.35498
1123 8.23198
1124 7.64801
1125 7.52993
1126 6.94033
1127 7.21318
1128 6.79031
1129 7.02777
1130 6.48337
1131 7.05046
1132 8.0718
1133 7.25425
1134 6.90444
1135 6.77219
1136 6.75441
1137 6.6142
1138 6.94498
1139 6.97865
1140 7.20593
1141 7.34013
1142 7.4738
1143 7.1412
1144 7.03651
1145 7.28817
1146 7.54302
1147 7.49619
1148 6.92417
1149 6.63856
1150 7.09201
1151 6.56811
1152 7.11258
1153 6.68138
1154 6.69235
1155 6.97027
1156 6.55828
1157 6.84952
1158 6.96904
1159 6.95934
1160 7.20925
1161 6.74581
1162 7.07453
1163 6.69854
1164 6.74191
1165 7.03242
1166 7.51549
1167 7.43051
1168 7.1546
1169 7.23026
1170 7.58478
1171 7.01011
1172 7.393
1173 7.42615
1174 7.15192
1175 7.94457
1176 7.64002
1177 7.77928
1178 8.17374
1179 8.39897
1180 7.83845
1181 7.76511
1182 7.53956
1183 7.51353
1184 7.28362
1185 6.6578
1186 6.41858
1187 6.75806
1188 7.53534
1189 7.0064
1190 6.73465
1191 7.26219
1192 6.9352
1193 6.49237
1194 7.46364
1195 6.81465
1196 6.67007
1197 6.57333
1198 6.7669
1199 6.38922
1200 6.99535
1201 7.09991
1202 7.30922
1203 7.46869
1204 6.78437
1205 6.86141
1206 6.96588
1207 7.33934
1208 7.21339
1209 7.04368
1210 7.13797
1211 6.96622
1212 7.24884
1213 7.15698
1214 7.28211
1215 7.22049
1216 7.03043
1217 6.60349
1218 6.64383
1219 7.00929
1220 6.64178
1221 6.59281
1222 6.99507
1223 6.87327
1224 6.56862
1225 7.00508
1226 7.3352
1227 7.36914
1228 7.08621
1229 7.65986
1230 7.70952
1231 6.47694
1232 6.83209
1233 6.91898
1234 7.19937
1235 7.60327
1236 7.5546
1237 7.37155
1238 6.98802
1239 6.67798
1240 6.48423
1241 7.49949
1242 7.41172
1243 7.50565
1244 7.07057
1245 7.50821
1246 7.4439
1247 7.42146
1248 6.60162
1249 6.72804
1250 6.33279
1251 7.1424
1252 6.60104
1253 6.70958
1254 7.24278
1255 7.19526
1256 7.06762
1257 7.12251
1258 6.8185
1259 6.75484
1260 6.45787
1261 6.86778
1262 7.04278
1263 7.60244
1264 7.37557
1265 7.31172
1266 7.50746
1267 7.52324
1268 7.70366
1269 7.6043
1270 7.38203
1271 6.99492
1272 6.62722
1273 6.62366
1274 6.5128
1275 7.11942
1276 6.9409
1277 7.06773
1278 6.48266
1279 6.43435
1280 6.86047
1281 6.60163
1282 6.47458
1283 6.49108
1284 6.49075
1285 6.55754
1286 6.70745
1287 6.38834
1288 6.97271
1289 6.92531
1290 7.13158
1291 7.34604
1292 7.19979
1293 7.01137
1294 6.84568
1295 7.39373
1296 7.72174
1297 7.4422
1298 7.30299
1299 7.42223
1300 6.9857
1301 7.07606
1302 6.76748
1303 6.63071
1304 6.61454
1305 6.76111
1306 7.06167
1307 7.29132
1308 7.32675
1309 7.15449
1310 7.70411
1311 7.46675
1312 7.89339
1313 7.11562
1314 6.98375
1315 7.33219
1316 6.95173
1317 7.5361
1318 7.46528
1319 7.08322
1320 6.75133
1321 6.74464
1322 6.79166
1323 6.57417
1324 6.54355
1325 6.2949
1326 6.45997
1327 6.49761
1328 6.61917
1329 7.27413
1330 7.44055
1331 7.72054
1332 7.54237
1333 8.06804
1334 7.72136
1335 7.50459
1336 7.23509
1337 6.74387
1338 7.0771
1339 7.25102
1340 7.17334
1341 7.11313
1342 6.87494
1343 6.55178
1344 6.8177
1345 7.06219
1346 7.30657
1347 7.4571
1348 8.19396
1349 8.21889
1350 7.95397
1351 7.55477
1352 7.9199
1353 8.33677
1354 7.64286
1355 7.25493
1356 6.88552
1357 6.51491
1358 6.85095
1359 6.58449
1360 6.61944
1361 6.48698
1362 6.61459
1363 6.7483
1364 6.60863
1365 6.69223
1366 6.89838
1367 6.72931
1368 6.93574
1369 6.75343
1370 6.95167
1371 6.88401
1372 7.0527
1373 7.25306
1374 7.05555
1375 6.67229
1376 6.79713
1377 6.72634
1378 7.1242
1379 6.67722
1380 6.59176
1381 7.12058
1382 6.76984
1383 7.4885
1384 6.72902
1385 6.63688
1386 7.01202
1387 6.66579
1388 6.90167
1389 7.35611
1390 7.08054
1391 6.68407
1392 6.76663
1393 6.58135
1394 6.84444
1395 7.08405
1396 6.44614
1397 6.84788
1398 6.61754
1399 7.61141
1400 7.47139
1401 7.1563
1402 6.75156
1403 7.44594
1404 7.21899
1405 7.50789
1406 7.55615
1407 7.69898
1408 7.74113
1409 7.60002
1410 7.4823
1411 7.04194
1412 7.31424
1413 7.90727
1414 8.03143
1415 7.97091
1416 7.44783
1417 7.58844
1418 6.76627
1419 6.72013
1420 7.5371
1421 7.80637
1422 7.23988
1423 7.20233
1424 7.26066
1425 6.91738
1426 7.01437
1427 6.86694
1428 6.65232
1429 6.61949
1430 6.636
1431 6.84783
1432 6.78476
1433 6.58318
1434 6.44507
1435 7.03963
1436 6.93177
1437 7.56596
1438 6.7303
1439 6.44712
1440 7.09715
1441 6.95709
1442 7.17852
1443 6.77116
1444 7.57292
1445 7.57344
1446 8.05837
1447 7.17234
1448 7.49413
1449 7.40085
1450 6.70599
1451 6.67973
1452 7.34557
1453 7.24465
1454 7.31713
1455 6.92048
1456 6.76728
1457 6.71273
1458 6.49434
1459 6.29308
1460 6.52056
1461 6.78077
1462 6.54604
1463 6.50599
1464 6.83411
1465 7.16231
1466 6.54762
1467 6.59796
1468 6.45894
1469 6.67294
1470 6.35521
1471 6.71557
1472 7.48871
1473 7.41806
1474 6.8959
1475 6.63044
1476 6.4732
1477 6.63397
1478 6.57512
1479 6.26466
1480 6.9611
1481 7.01374
1482 6.45186
1483 6.70906
1484 6.80842
1485 6.78354
1486 6.96299
1487 7.02655
1488 6.90857
1489 7.38241
1490 7.47952
1491 7.53414
1492 7.57245
1493 7.08721
1494 6.94249
1495 7.21558
1496 8.00715
1497 8.22499
1498 7.78084
1499 7.21372
1500 6.99688
1501 7.07927
1502 6.80966
1503 7.28818
1504 6.68252
1505 6.59614
1506 6.62541
1507 7.30862
1508 7.17383
1509 7.31725
1510 8.09817
1511 7.32235
1512 7.46553
1513 7.19895
1514 6.81365
1515 7.07613
1516 7.4774
1517 7.33384
1518 7.81438
1519 7.45106
1520 7.37216
1521 7.30453
1522 7.59857
1523 7.9171
1524 7.21855
1525 7.66984
1526 7.57169
1527 8.04655
1528 7.56626
1529 7.39101
1530 7.6291
1531 7.75088
1532 7.39016
1533 7.69244
1534 7.93239
1535 7.05492
1536 7.08027
1537 7.19404
1538 7.40064
1539 7.13162
1540 7.16809
1541 6.88935
1542 6.50758
1543 6.55294
1544 7.13288
1545 7.27482
1546 7.24593
1547 6.69074
1548 7.01566
1549 6.37807
1550 6.36854
1551 6.78543
1552 7.42906
1553 6.89292
1554 6.81054
1555 6.43907
1556 6.7025
1557 7.19216
1558 7.29738
1559 7.20156
1560 7.36308
1561 7.28581
1562 6.96672
1563 7.10255
1564 6.88743
1565 6.98305
1566 7.30838
1567 7.16301
1568 7.52936
1569 7.03482
1570 6.66706
1571 6.75507
1572 6.9742
1573 7.44234
1574 7.64395
1575 7.37062
1576 7.46615
1577 7.12451
1578 7.19406
1579 7.07455
1580 6.38445
1581 6.2972
1582 6.75116
1583 6.42447
1584 6.78569
1585 7.17096
1586 7.04662
1587 6.72719
1588 6.8914
1589 6.70246
1590 6.86572
1591 6.75404
1592 7.18808
1593 6.69777
1594 6.72738
1595 6.75048
1596 6.57053
1597 6.77061
1598 7.07057
1599 7.0364
1600 7.06986
1601 6.9272
1602 7.33939
1603 7.61158
1604 7.507
1605 8.27201
1606 7.99823
1607 8.05801
1608 8.26974
1609 7.87633
1610 7.12732
1611 7.35074
1612 7.12091
1613 7.73866
1614 8.43886
1615 8.43247
1616 7.81087
1617 7.56755
1618 7.30106
1619 7.30727
1620 7.8481
1621 7.22037
1622 7.35129
1623 6.97105
1624 7.20339
1625 7.33116
1626 7.25104
1627 7.08078
1628 6.76506
1629 7.52322
1630 6.89066
1631 6.47262
1632 6.57818
1633 7.12184
1634 6.92667
1635 6.76408
1636 7.37507
1637 7.78365
1638 6.74202
1639 6.75281
1640 7.28799
1641 7.16454
1642 7.70308
1643 7.01587
1644 7.6551
1645 7.59651
1646 7.79305
1647 7.50448
1648 7.82879
1649 7.89789
1650 7.09351
1651 7.17584
1652 6.81059
1653 6.88483
1654 7.27185
1655 7.52642
1656 7.27407
1657 6.83409
1658 6.9526
1659 7.06349
1660 7.06067
1661 7.118
1662 7.3035
1663 7.13305
1664 6.87039
1665 7.48237
1666 7.50892
1667 7.98329
1668 7.20792
1669 7.10724
1670 7.43709
1671 7.70918
1672 7.32851
1673 7.17759
1674 7.7468
1675 7.46044
1676 7.17119
1677 7.09572
1678 6.77714
1679 6.9266
1680 6.65179
1681 7.127
1682 7.79468
1683 7.18922
1684 8.21559
1685 8.03786
1686 8.2316
1687 8.04456
1688 6.97674
1689 7.90837
1690 7.76027
1691 7.5533
1692 7.42973
1693 7.15454
1694 6.90738
1695 7.07209
1696 6.96312
1697 7.26306
1698 7.5166
1699 7.29677
1700 6.94148
1701 7.07064
1702 6.32693
1703 6.63149
1704 6.59828
1705 6.97426
1706 6.87007
1707 7.27768
1708 7.53829
1709 8.30332
1710 7.51186
1711 7.15769
1712 6.94799
1713 7.43942
1714 7.43101
1715 7.3979
1716 7.43519
1717 6.91146
1718 6.77846
1719 6.49049
1720 6.41869
1721 6.41327
1722 6.70079
1723 6.61225
1724 7.26877
1725 7.14682
1726 7.03715
1727 6.45814
1728 6.31104
1729 6.77888
1730 6.48094
1731 6.67358
1732 6.908
1733 6.81208
1734 7.00256
1735 7.82191
1736 7.19908
1737 7.92561
1738 7.07191
1739 7.49409
1740 6.95359
1741 7.28152
1742 7.38889
1743 7.21911
1744 7.57467
1745 7.47824
1746 6.63796
1747 6.96838
1748 7.2575
1749 7.46433
1750 7.15802
1751 7.20673
1752 7.45472
1753 7.84446
1754 7.65727
1755 7.82711
1756 7.24211
1757 7.03087
1758 7.221
1759 6.57865
1760 6.42793
1761 6.5236
1762 6.67266
1763 6.94532
1764 6.83561
1765 6.89694
1766 6.70485
1767 6.40977
1768 6.3683
1769 6.42175
1770 6.63926
1771 6.64053
1772 6.46213
1773 6.53987
1774 6.50915
1775 6.70106
1776 7.15379
1777 8.00033
1778 7.4244
1779 7.48409
1780 7.31621
1781 7.31944
1782 7.72542
1783 7.74831
1784 7.30584
1785 7.66433
1786 7.55631
1787 7.45415
1788 8.168
1789 8.07332
1790 8.0805
1791 7.18973
1792 6.77859
1793 7.12518
1794 6.86369
1795 6.86311
1796 6.90076
1797 7.27093
1798 7.40867
1799 6.85909
1800 6.74307
1801 7.17887
1802 7.00775
1803 6.85207
1804 7.33009
1805 6.89858
1806 7.0789
1807 7.05486
1808 7.98296
1809 7.6409
1810 7.84977
1811 7.25287
1812 6.78243
1813 7.33722
1814 6.89677
1815 6.48151
1816 7.46961
1817 7.22855
1818 7.60294
1819 7.72154
1820 7.28619
1821 7.14955
1822 7.68293
1823 7.32897
1824 7.33476
1825 7.42032
1826 6.39736
1827 6.31751
1828 6.56514
1829 6.56263
1830 6.82463
1831 6.87245
1832 6.49583
1833 6.84033
1834 7.36932
1835 7.41131
1836 7.88502
1837 7.55292
1838 7.00976
1839 7.13394
1840 7.57264
1841 7.22263
1842 7.22364
1843 6.95915
1844 7.03802
1845 6.97736
1846 7.1532
1847 7.72699
1848 7.48649
1849 7.57733
1850 7.48019
1851 7.03436
1852 7.26961
1853 7.05733
1854 7.01741
1855 7.45184
1856 7.1156
1857 6.65821
1858 6.6159
1859 6.76996
1860 6.77888
1861 6.91949
1862 7.09813
1863 6.85794
1864 7.26715
1865 7.15697
1866 7.07798
1867 7.32237
1868 7.65953
1869 7.33129
1870 6.87575
1871 7.14351
1872 6.90561
1873 7.31914
1874 7.30604
1875 7.59685
1876 7.87191
1877 8.28452
1878 8.45531
1879 7.42633
1880 7.13566
1881 6.97027
1882 6.65283
1883 6.95383
1884 7.41895
1885 7.61369
1886 7.87789
1887 7.98131
1888 7.32315
1889 8.34017
1890 7.2652
1891 6.82012
1892 7.25084
1893 7.42618
1894 8.15725
1895 8.11208
1896 7.70652
1897 7.70241
1898 7.49866
1899 7.42221
1900 7.85244
1901 7.91389
1902 7.57757
1903 7.57597
1904 7.79914
1905 7.5461
1906 8.3484
1907 8.27446
1908 8.34046
1909 8.17244
1910 8.82805
1911 8.82622
1912 7.91152
1913 7.87049
1914 7.75125
1915 7.51493
1916 8.77245
1917 8.15725
1918 8.08981
1919 8.77099
1920 9.14406
1921 8.08989
1922 7.12884
1923 7.28765
1924 7.10234
1925 6.77146
1926 7.10726
1927 6.93112
1928 6.53786
1929 6.62864
1930 6.3884
1931 6.35835
1932 6.4415
1933 7.13957
1934 7.03985
1935 7.07311
1936 6.96071
1937 7.1641
1938 7.14095
1939 6.8847
1940 6.42489
1941 6.24595
1942 6.2641
1943 6.492
1944 6.41061
1945 6.61819
1946 6.93169
1947 6.64248
1948 7.00614
1949 6.88415
1950 7.10088
1951 7.17427
1952 7.46138
1953 7.15839
1954 7.62923
1955 7.26383
1956 7.87171
1957 7.77524
1958 7.2199
1959 7.64991
1960 7.18519
1961 7.60768
1962 7.48496
1963 7.5792
1964 7.58101
1965 7.03163
1966 6.60312
1967 7.01993
1968 7.51611
1969 7.44395
1970 6.84275
1971 6.9986
1972 7.34807
1973 7.75416
1974 7.59604
1975 6.94165
1976 6.7547
1977 7.21266
1978 7.34287
1979 6.90432
1980 7.34099
1981 7.22331
1982 7.20741
1983 7.40177
1984 7.00629
1985 7.08673
1986 6.93879
1987 6.89807
1988 7.12086
1989 7.02361
1990 7.4994
1991 7.68935
1992 7.22535
1993 7.55708
1994 7.16401
1995 7.6925
1996 7.34478
1997 7.33427
1998 6.55526
1999 6.38492
2000 6.48647
