1 27.6042
2 26.3677
3 23.9264
4 23.9264
5 23.9264
6 23.89
7 22.3855
8 21.4921
9 21.4921
10 20.63
11 20.2737
12 18.7428
13 17.8005
14 16.8447
15 16.8447
16 16.8447
17 16.7253
18 16.7253
19 16.5419
20 16.5419
21 16.3645
22 16.3645
23 13.167
24 13.167
25 12.7833
26 12.3041
27 12.3041
28 12.1843
29 12.1843
30 12.1837
31 12.1832
32 12.0738
33 12.0738
34 12.0738
35 12.0387
36 11.7453
37 11.7102
38 11.6467
39 11.3873
40 11.2424
41 11.2424
42 11.2172
43 11.2172
44 11.1821
45 11.1821
46 11.1821
47 10.8671
48 10.8671
49 10.8671
50 10.8671
51 10.7484
52 10.7484
53 10.1641
54 10.1641
55 10.0454
56 10.0454
57 10.0454
58 9.94169
59 9.94169
60 9.94169
61 9.93939
62 9.9074
63 9.90664
64 9.90664
65 9.90664
66 9.90664
67 9.8933
68 9.8933
69 9.8933
70 9.8933
71 9.8933
72 9.55227
73 9.55227
74 9.55227
75 9.55227
76 8.80607
77 8.80607
78 8.80607
79 8.80607
80 8.80607
81 8.76728
82 8.76728
83 8.76728
84 8.76728
85 8.76728
86 8.76728
87 8.76728
88 8.47323
89 8.3311
90 8.3311
91 8.3311
92 8.3311
93 8.3311
94 8.3311
95 8.3311
96 8.3311
97 8.3311
98 8.3311
99 8.3311
100 8.3311
101 8.3311
102 8.3311
103 8.3311
104 8.3311
105 8.23528
106 8.17617
107 8.17617
108 8.16188
109 8.09871
110 7.57846
111 7.57846
112 7.57846
113 7.57846
114 7.57846
115 7.57846
116 7.57837
117 7.57837
118 7.57837
119 7.57837
120 7.57837
121 7.57837
122 7.57837
123 7.57837
124 7.57837
125 7.57837
126 7.57837
127 7.57837
128 7.57837
129 7.57837
130 7.57837
131 7.57837
132 6.63601
133 6.63601
134 6.63601
135 6.63601
136 6.63601
137 6.63601
138 6.63601
139 6.63601
140 6.63601
141 6.24595
142 6.24595
143 6.24595
144 6.24595
145 6.24595
146 6.24595
147 6.24595
148 6.24595
149 6.24595
150 6.24595
151 6.24595
152 6.24595
153 6.24595
154 6.24595
155 6.24595
156 6.24595
157 6.24595
158 6.24595
159 6.24595
160 6.24595
161 6.24595
162 6.24595
163 6.24595
164 6.24595
165 6.24595
166 6.24595
167 6.24595
168 6.24595
169 6.24595
170 6.24595
171 6.24595
172 6.24595
173 6.24595
174 6.24595
175 6.24595
176 6.24595
177 6.24595
178 6.24595
179 6.24595
180 6.24595
181 6.24595
182 6.24595
183 6.24595
184 6.24595
185 6.24595
186 6.24595
187 6.24595
188 6.24595
189 6.24595
190 6.24595
191 6.24595
192 6.24595
193 6.24595
194 6.24595
195 6.24595
196 6.24595
197 6.24595
198 6.24595
199 6.24595
200 6.24595
201 6.24595
202 6.24595
203 6.24595
204 6.24595
205 6.24595
206 6.24595
207 6.24595
208 6.24595
209 6.24595
210 6.24595
211 6.24595
212 6.24595
213 6.24595
214 6.24595
215 6.24595
216 6.24595
217 6.24595
218 6.24595
219 6.24595
220 6.24595
221 6.24595
222 6.24595
223 6.24595
224 6.24595
225 6.24595
226 6.24595
227 6.24595
228 6.24595
229 6.24595
230 6.24595
231 6.24595
232 6.24595
233 6.24595
234 6.24595
235 6.24595
236 6.24595
237 6.24595
238 6.24595
239 6.24595
240 6.24595
241 6.24595
242 6.24595
243 6.24595
244 6.24595
245 6.24595
246 6.24595
247 6.24595
248 6.24595
249 6.24595
250 6.24595
251 6.24595
252 6.24595
253 6.24595
254 6.24595
255 6.24595
256 6.24595
257 6.24595
258 6.24595
259 6.24595
260 6.24595
261 6.24595
262 6.24595
263 6.24595
264 6.24595
265 6.24595
266 6.24595
267 6.24595
268 6.24595
269 6.24595
270 6.24595
271 6.24595
272 6.24595
273 6.24595
274 6.24595
275 6.24595
276 6.24595
277 6.24595
278 6.24595
279 6.24595
280 6.24595
281 6.24595
282 6.24595
283 6.24595
284 6.24595
285 6.24595
286 6.24595
287 6.24595
288 6.24595
289 6.24595
290 6.24595
291 6.24595
292 6.24595
293 6.24595
294 6.24595
295 6.24595
296 6.24595
297 6.24595
298 6.24595
299 6.24595
300 6.24595
301 6.24595
302 6.24595
303 6.24595
304 6.24595
305 6.24595
306 6.24595
307 6.24595
308 6.24595
309 6.24595
310 6.24595
311 6.24595
312 6.24595
313 6.24595
314 6.24595
315 6.24595
316 6.24595
317 6.24595
318 6.24595
319 6.24595
320 6.24595
321 6.24595
322 6.24595
323 6.24595
324 6.24595
325 6.24595
326 6.24595
327 6.24595
328 6.24595
329 6.24595
330 6.24595
331 6.24595
332 6.24595
333 6.24595
334 6.24595
335 6.24595
336 6.24595
337 6.24595
338 6.24595
339 6.24595
340 6.24595
341 6.24595
342 6.24595
343 6.24595
344 6.24595
345 6.24595
346 6.24595
347 6.24595
348 6.24595
349 6.24595
350 6.24595
351 6.24595
352 6.24595
353 6.24595
354 6.24595
355 6.24595
356 6.24595
357 6.24595
358 6.24595
359 6.24595
360 6.24595
361 6.24595
362 6.24595
363 6.24595
364 6.24595
365 6.24595
366 6.24595
367 6.24595
368 6.24595
369 6.24595
370 6.24595
371 6.24595
372 6.24595
373 6.24595
374 6.24595
375 6.24595
376 6.24595
377 6.24595
378 6.24595
379 6.24595
380 6.24595
381 6.24595
382 6.24595
383 6.24595
384 6.24595
385 6.24595
386 6.24595
387 6.24595
388 6.24595
389 6.24595
390 6.24595
391 6.24595
392 6.24595
393 6.24595
394 6.24595
395 6.24595
396 6.24595
397 6.24595
398 6.24595
399 6.24595
400 6.24595
401 6.24595
402 6.24595
403 6.24595
404 6.24595
405 6.24595
406 6.24595
407 6.24595
408 6.24595
409 6.24595
410 6.24595
411 6.24595
412 6.24595
413 6.24595
414 6.24595
415 6.24595
416 6.24595
417 6.24595
418 6.24595
419 6.24595
420 6.24595
421 6.24595
422 6.24595
423 6.24595
424 6.24595
425 6.24595
426 6.24595
427 6.24595
428 6.24595
429 6.24595
430 6.24595
431 6.24595
432 6.24595
433 6.24595
434 6.24595
435 6.24595
436 6.24595
437 6.24595
438 6.24595
439 6.24595
440 6.24595
441 6.24595
442 6.24595
443 6.24595
444 6.24595
445 6.24595
446 6.24595
447 6.24595
448 6.24595
449 6.24595
450 6.24595
451 6.24595
452 6.24595
453 6.24595
454 6.24595
455 6.24595
456 6.24595
457 6.24595
458 6.24595
459 6.24595
460 6.24595
461 6.24595
462 6.24595
463 6.24595
464 6.24595
465 6.24595
466 6.24595
467 6.24595
468 6.24595
469 6.24595
470 6.24595
471 6.24595
472 6.24595
473 6.24595
474 6.24595
475 6.24595
476 6.24595
477 6.24595
478 6.24595
479 6.24595
480 6.24595
481 6.24595
482 6.24595
483 6.24595
484 6.24595
485 6.24595
486 6.24595
487 6.24595
488 6.24595
489 6.24595
490 6.24595
491 6.24595
492 6.24595
493 6.24595
494 6.24595
495 6.24595
496 6.24595
497 6.24595
498 6.24595
499 6.24595
500 6.24595
501 6.24595
502 6.24595
503 6.24595
504 6.24595
505 6.24595
506 6.24595
507 6.24595
508 6.24595
509 6.24595
510 6.24595
511 6.24595
512 6.24595
513 6.24595
514 6.24595
515 6.24595
516 6.24595
517 6.24595
518 6.24595
519 6.24595
520 6.24595
521 6.24595
522 6.24595
523 6.24595
524 6.24595
525 6.24595
526 6.24595
527 6.24595
528 6.24595
529 6.24595
530 6.24595
531 6.24595
532 6.24595
533 6.24595
534 6.24595
535 6.24595
536 6.24595
537 6.24595
538 6.24595
539 6.24595
540 6.24595
541 6.24595
542 6.24595
543 6.24595
544 6.24595
545 6.24595
546 6.24595
547 6.24595
548 6.24595
549 6.24595
550 6.24595
551 6.24595
552 6.24595
553 6.24595
554 6.24595
555 6.24595
556 6.24595
557 6.24595
558 6.24595
559 6.24595
560 6.24595
561 6.24595
562 6.24595
563 6.24595
564 6.24595
565 6.24595
566 6.24595
567 6.24595
568 6.24595
569 6.24595
570 6.24595
571 6.24595
572 6.24595
573 6.24595
574 6.24595
575 6.24595
576 6.24595
577 6.24595
578 6.24595
579 6.24595
580 6.24595
581 6.24595
582 6.24595
583 6.24595
584 6.24595
585 6.24595
586 6.24595
587 6.24595
588 6.24595
589 6.24595
590 6.24595
591 6.24595
592 6.24595
593 6.24595
594 6.24595
595 6.24595
596 6.24595
597 6.24595
598 6.24595
599 6.24595
600 6.24595
601 6.24595
602 6.24595
603 6.24595
604 6.24595
605 6.24595
606 6.24595
607 6.24595
608 6.24595
609 6.24595
610 6.24595
611 6.24595
612 6.24595
613 6.24595
614 6.24595
615 6.24595
616 6.24595
617 6.24595
618 6.24595
619 6.24595
620 6.24595
621 6.24595
622 6.24595
623 6.24595
624 6.24595
625 6.24595
626 6.24595
627 6.24595
628 6.24595
629 6.24595
630 6.24595
631 6.24595
632 6.24595
633 6.24595
634 6.24595
635 6.24595
636 6.24595
637 6.24595
638 6.24595
639 6.24595
640 6.24595
641 6.24595
642 6.24595
643 6.24595
644 6.24595
645 6.24595
646 6.24595
647 6.24595
648 6.24595
649 6.24595
650 6.24595
651 6.24595
652 6.24595
653 6.24595
654 6.24595
655 6.24595
656 6.24595
657 6.24595
658 6.24595
659 6.24595
660 6.24595
661 6.24595
662 6.24595
663 6.24595
664 6.24595
665 6.24595
666 6.24595
667 6.24595
668 6.24595
669 6.24595
670 6.24595
671 6.24595
672 6.24595
673 6.24595
674 6.24595
675 6.24595
676 6.24595
677 6.24595
678 6.24595
679 6.24595
680 6.24595
681 6.24595
682 6.24595
683 6.24595
684 6.24595
685 6.24595
686 6.24595
687 6.24595
688 6.24595
689 6.24595
690 6.24595
691 6.24595
692 6.24595
693 6.24595
694 6.24595
695 6.24595
696 6.24595
697 6.24595
698 6.24595
699 6.24595
700 6.24595
701 6.24595
702 6.24595
703 6.24595
704 6.24595
705 6.24595
706 6.24595
707 6.24595
708 6.24595
709 6.24595
710 6.24595
711 6.24595
712 6.24595
713 6.24595
714 6.24595
715 6.24595
716 6.24595
717 6.24595
718 6.24595
719 6.24595
720 6.24595
721 6.24595
722 6.24595
723 6.24595
724 6.24595
725 6.24595
726 6.24595
727 6.24595
728 6.24595
729 6.24595
730 6.24595
731 6.24595
732 6.24595
733 6.24595
734 6.24595
735 6.24595
736 6.24595
737 6.24595
738 6.24595
739 6.24595
740 6.24595
741 6.24595
742 6.24595
743 6.24595
744 6.24595
745 6.24595
746 6.24595
747 6.24595
748 6.24595
749 6.24595
750 6.24595
751 6.24595
752 6.24595
753 6.24595
754 6.24595
755 6.24595
756 6.24595
757 6.24595
758 6.24595
759 6.24595
760 6.24595
761 6.24595
762 6.24595
763 6.24595
764 6.24595
765 6.24595
766 6.24595
767 6.24595
768 6.24595
769 6.24595
770 6.24595
771 6.24595
772 6.24595
773 6.24595
774 6.24595
775 6.24595
776 6.24595
777 6.24595
778 6.24595
779 6.24595
780 6.24595
781 6.24595
782 6.24595
783 6.24595
784 6.24595
785 6.24595
786 6.24595
787 6.24595
788 6.24595
789 6.24595
790 6.24595
791 6.24595
792 6.24595
793 6.24595
794 6.24595
795 6.24595
796 6.24595
797 6.24595
798 6.24595
799 6.24595
800 6.24595
801 6.24595
802 6.24595
803 6.24595
804 6.24595
805 6.24595
806 6.24595
807 6.24595
808 6.24595
809 6.24595
810 6.24595
811 6.24595
812 6.24595
813 6.24595
814 6.24595
815 6.24595
816 6.24595
817 6.24595
818 6.24595
819 6.24595
820 6.24595
821 6.24595
822 6.24595
823 6.24595
824 6.24595
825 6.24595
826 6.24595
827 6.24595
828 6.24595
829 6.24595
830 6.24595
831 6.24595
832 6.24595
833 6.24595
834 6.24595
835 6.24595
836 6.24595
837 6.24595
838 6.24595
839 6.24595
840 6.24595
841 6.24595
842 6.24595
843 6.24595
844 6.24595
845 6.24595
846 6.24595
847 6.24595
848 6.24595
849 6.24595
850 6.24595
851 6.24595
852 6.24595
853 6.24595
854 6.24595
855 6.24595
856 6.24595
857 6.24595
858 6.24595
859 6.24595
860 6.24595
861 6.24595
862 6.24595
863 6.24595
864 6.24595
865 6.24595
866 6.24595
867 6.24595
868 6.24595
869 6.24595
870 6.24595
871 6.24595
872 6.24595
873 6.24595
874 6.24595
875 6.24595
876 6.24595
877 6.24595
878 6.24595
879 6.24595
880 6.24595
881 6.24595
882 6.24595
883 6.24595
884 6.24595
885 6.24595
886 6.24595
887 6.24595
888 6.24595
889 6.24595
890 6.24595
891 6.24595
892 6.24595
893 6.24595
894 6.24595
895 6.24595
896 6.24595
897 6.24595
898 6.24595
899 6.24595
900 6.24595
901 6.24595
902 6.24595
903 6.24595
904 6.24595
905 6.24595
906 6.24595
907 6.24595
908 6.24595
909 6.24595
910 6.24595
911 6.24595
912 6.24595
913 6.24595
914 6.24595
915 6.24595
916 6.24595
917 6.24595
918 6.24595
919 6.24595
920 6.24595
921 6.24595
922 6.24595
923 6.24595
924 6.24595
925 6.24595
926 6.24595
927 6.24595
928 6.24595
929 6.24595
930 6.24595
931 6.24595
932 6.24595
933 6.24595
934 6.24595
935 6.24595
936 6.24595
937 6.24595
938 6.24595
939 6.24595
940 6.24595
941 6.24595
942 6.24595
943 6.24595
944 6.24595
945 6.24595
946 6.24595
947 6.24595
948 6.24595
949 6.24595
950 6.24595
951 6.24595
952 6.24595
953 6.24595
954 6.24595
955 6.24595
956 6.24595
957 6.24595
958 6.24595
959 6.24595
960 6.24595
961 6.24595
962 6.24595
963 6.24595
964 6.24595
965 6.24595
966 6.24595
967 6.24595
968 6.24595
969 6.24595
970 6.24595
971 6.24595
972 6.24595
973 6.24595
974 6.24595
975 6.24595
976 6.24595
977 6.24595
978 6.24595
979 6.24595
980 6.24595
981 6.24595
982 6.24595
983 6.24595
984 6.24595
985 6.24595
986 6.24595
987 6.24595
988 6.24595
989 6.24595
990 6.24595
991 6.24595
992 6.24595
993 6.24595
994 6.24595
995 6.24595
996 6.24595
997 6.24595
998 6.24595
999 6.24595
1000 6.24595
1001 6.24595
1002 6.24595
1003 6.24595
1004 6.24595
1005 6.24595
1006 6.24595
1007 6.24595
1008 6.24595
1009 6.24595
1010 6.24595
1011 6.24595
1012 6.24595
1013 6.24595
1014 6.24595
1015 6.24595
1016 6.24595
1017 6.24595
1018 6.24595
1019 6.24595
1020 6.24595
1021 6.24595
1022 6.24595
1023 6.24595
1024 6.24595
1025 6.24595
1026 6.24595
1027 6.24595
1028 6.24595
1029 6.24595
1030 6.24595
1031 6.24595
1032 6.24595
1033 6.24595
1034 6.24595
1035 6.24595
1036 6.24595
1037 6.24595
1038 6.24595
1039 6.24595
1040 6.24595
1041 6.24595
1042 6.24595
1043 6.24595
1044 6.24595
1045 6.24595
1046 6.24595
1047 6.24595
1048 6.24595
1049 6.24595
1050 6.24595
1051 6.24595
1052 6.24595
1053 6.24595
1054 6.24595
1055 6.24595
1056 6.24595
1057 6.24595
1058 6.24595
1059 6.24595
1060 6.24595
1061 6.24595
1062 6.24595
1063 6.24595
1064 6.24595
1065 6.24595
1066 6.24595
1067 6.24595
1068 6.24595
1069 6.24595
1070 6.24595
1071 6.24595
1072 6.24595
1073 6.24595
1074 6.24595
1075 6.24595
1076 6.24595
1077 6.24595
1078 6.24595
1079 6.24595
1080 6.24595
1081 6.24595
1082 6.24595
1083 6.24595
1084 6.24595
1085 6.24595
1086 6.24595
1087 6.24595
1088 6.24595
1089 6.24595
1090 6.24595
1091 6.24595
1092 6.24595
1093 6.24595
1094 6.24595
1095 6.24595
1096 6.24595
1097 6.24595
1098 6.24595
1099 6.24595
1100 6.24595
1101 6.24595
1102 6.24595
1103 6.24595
1104 6.24595
1105 6.24595
1106 6.24595
1107 6.24595
1108 6.24595
1109 6.24595
1110 6.24595
1111 6.24595
1112 6.24595
1113 6.24595
1114 6.24595
1115 6.24595
1116 6.24595
1117 6.24595
1118 6.24595
1119 6.24595
1120 6.24595
1121 6.24595
1122 6.24595
1123 6.24595
1124 6.24595
1125 6.24595
1126 6.24595
1127 6.24595
1128 6.24595
1129 6.24595
1130 6.24595
1131 6.24595
1132 6.24595
1133 6.24595
1134 6.24595
1135 6.24595
1136 6.24595
1137 6.24595
1138 6.24595
1139 6.24595
1140 6.24595
1141 6.24595
1142 6.24595
1143 6.24595
1144 6.24595
1145 6.24595
1146 6.24595
1147 6.24595
1148 6.24595
1149 6.24595
1150 6.24595
1151 6.24595
1152 6.24595
1153 6.24595
1154 6.24595
1155 6.24595
1156 6.24595
1157 6.24595
1158 6.24595
1159 6.24595
1160 6.24595
1161 6.24595
1162 6.24595
1163 6.24595
1164 6.24595
1165 6.24595
1166 6.24595
1167 6.24595
1168 6.24595
1169 6.24595
1170 6.24595
1171 6.24595
1172 6.24595
1173 6.24595
1174 6.24595
1175 6.24595
1176 6.24595
1177 6.24595
1178 6.24595
1179 6.24595
1180 6.24595
1181 6.24595
1182 6.24595
1183 6.24595
1184 6.24595
1185 6.24595
1186 6.24595
1187 6.24595
1188 6.24595
1189 6.24595
1190 6.24595
1191 6.24595
1192 6.24595
1193 6.24595
1194 6.24595
1195 6.24595
1196 6.24595
1197 6.24595
1198 6.24595
1199 6.24595
1200 6.24595
1201 6.24595
1202 6.24595
1203 6.24595
1204 6.24595
1205 6.24595
1206 6.24595
1207 6.24595
1208 6.24595
1209 6.24595
1210 6.24595
1211 6.24595
1212 6.24595
1213 6.24595
1214 6.24595
1215 6.24595
1216 6.24595
1217 6.24595
1218 6.24595
1219 6.24595
1220 6.24595
1221 6.24595
1222 6.24595
1223 6.24595
1224 6.24595
1225 6.24595
1226 6.24595
1227 6.24595
1228 6.24595
1229 6.24595
1230 6.24595
1231 6.24595
1232 6.24595
1233 6.24595
1234 6.24595
1235 6.24595
1236 6.24595
1237 6.24595
1238 6.24595
1239 6.24595
1240 6.24595
1241 6.24595
1242 6.24595
1243 6.24595
1244 6.24595
1245 6.24595
1246 6.24595
1247 6.24595
1248 6.24595
1249 6.24595
1250 6.24595
1251 6.24595
1252 6.24595
1253 6.24595
1254 6.24595
1255 6.24595
1256 6.24595
1257 6.24595
1258 6.24595
1259 6.24595
1260 6.24595
1261 6.24595
1262 6.24595
1263 6.24595
1264 6.24595
1265 6.24595
1266 6.24595
1267 6.24595
1268 6.24595
1269 6.24595
1270 6.24595
1271 6.24595
1272 6.24595
1273 6.24595
1274 6.24595
1275 6.24595
1276 6.24595
1277 6.24595
1278 6.24595
1279 6.24595
1280 6.24595
1281 6.24595
1282 6.24595
1283 6.24595
1284 6.24595
1285 6.24595
1286 6.24595
1287 6.24595
1288 6.24595
1289 6.24595
1290 6.24595
1291 6.24595
1292 6.24595
1293 6.24595
1294 6.24595
1295 6.24595
1296 6.24595
1297 6.24595
1298 6.24595
1299 6.24595
1300 6.24595
1301 6.24595
1302 6.24595
1303 6.24595
1304 6.24595
1305 6.24595
1306 6.24595
1307 6.24595
1308 6.24595
1309 6.24595
1310 6.24595
1311 6.24595
1312 6.24595
1313 6.24595
1314 6.24595
1315 6.24595
1316 6.24595
1317 6.24595
1318 6.24595
1319 6.24595
1320 6.24595
1321 6.24595
1322 6.24595
1323 6.24595
1324 6.24595
1325 6.24595
1326 6.24595
1327 6.24595
1328 6.24595
1329 6.24595
1330 6.24595
1331 6.24595
1332 6.24595
1333 6.24595
1334 6.24595
1335 6.24595
1336 6.24595
1337 6.24595
1338 6.24595
1339 6.24595
1340 6.24595
1341 6.24595
1342 6.24595
1343 6.24595
1344 6.24595
1345 6.24595
1346 6.24595
1347 6.24595
1348 6.24595
1349 6.24595
1350 6.24595
1351 6.24595
1352 6.24595
1353 6.24595
1354 6.24595
1355 6.24595
1356 6.24595
1357 6.24595
1358 6.24595
1359 6.24595
1360 6.24595
1361 6.24595
1362 6.24595
1363 6.24595
1364 6.24595
1365 6.24595
1366 6.24595
1367 6.24595
1368 6.24595
1369 6.24595
1370 6.24595
1371 6.24595
1372 6.24595
1373 6.24595
1374 6.24595
1375 6.24595
1376 6.24595
1377 6.24595
1378 6.24595
1379 6.24595
1380 6.24595
1381 6.24595
1382 6.24595
1383 6.24595
1384 6.24595
1385 6.24595
1386 6.24595
1387 6.24595
1388 6.24595
1389 6.24595
1390 6.24595
1391 6.24595
1392 6.24595
1393 6.24595
1394 6.24595
1395 6.24595
1396 6.24595
1397 6.24595
1398 6.24595
1399 6.24595
1400 6.24595
1401 6.24595
1402 6.24595
1403 6.24595
1404 6.24595
1405 6.24595
1406 6.24595
1407 6.24595
1408 6.24595
1409 6.24595
1410 6.24595
1411 6.24595
1412 6.24595
1413 6.24595
1414 6.24595
1415 6.24595
1416 6.24595
1417 6.24595
1418 6.24595
1419 6.24595
1420 6.24595
1421 6.24595
1422 6.24595
1423 6.24595
1424 6.24595
1425 6.24595
1426 6.24595
1427 6.24595
1428 6.24595
1429 6.24595
1430 6.24595
1431 6.24595
1432 6.24595
1433 6.24595
1434 6.24595
1435 6.24595
1436 6.24595
1437 6.24595
1438 6.24595
1439 6.24595
1440 6.24595
1441 6.24595
1442 6.24595
1443 6.24595
1444 6.24595
1445 6.24595
1446 6.24595
1447 6.24595
1448 6.24595
1449 6.24595
1450 6.24595
1451 6.24595
1452 6.24595
1453 6.24595
1454 6.24595
1455 6.24595
1456 6.24595
1457 6.24595
1458 6.24595
1459 6.24595
1460 6.24595
1461 6.24595
1462 6.24595
1463 6.24595
1464 6.24595
1465 6.24595
1466 6.24595
1467 6.24595
1468 6.24595
1469 6.24595
1470 6.24595
1471 6.24595
1472 6.24595
1473 6.24595
1474 6.24595
1475 6.24595
1476 6.24595
1477 6.24595
1478 6.24595
1479 6.24595
1480 6.24595
1481 6.24595
1482 6.24595
1483 6.24595
1484 6.24595
1485 6.24595
1486 6.24595
1487 6.24595
1488 6.24595
1489 6.24595
1490 6.24595
1491 6.24595
1492 6.24595
1493 6.24595
1494 6.24595
1495 6.24595
1496 6.24595
1497 6.24595
1498 6.24595
1499 6.24595
1500 6.24595
1501 6.24595
1502 6.24595
1503 6.24595
1504 6.24595
1505 6.24595
1506 6.24595
1507 6.24595
1508 6.24595
1509 6.24595
1510 6.24595
1511 6.24595
1512 6.24595
1513 6.24595
1514 6.24595
1515 6.24595
1516 6.24595
1517 6.24595
1518 6.24595
1519 6.24595
1520 6.24595
1521 6.24595
1522 6.24595
1523 6.24595
1524 6.24595
1525 6.24595
1526 6.24595
1527 6.24595
1528 6.24595
1529 6.24595
1530 6.24595
1531 6.24595
1532 6.24595
1533 6.24595
1534 6.24595
1535 6.24595
1536 6.24595
1537 6.24595
1538 6.24595
1539 6.24595
1540 6.24595
1541 6.24595
1542 6.24595
1543 6.24595
1544 6.24595
1545 6.24595
1546 6.24595
1547 6.24595
1548 6.24595
1549 6.24595
1550 6.24595
1551 6.24595
1552 6.24595
1553 6.24595
1554 6.24595
1555 6.24595
1556 6.24595
1557 6.24595
1558 6.24595
1559 6.24595
1560 6.24595
1561 6.24595
1562 6.24595
1563 6.24595
1564 6.24595
1565 6.24595
1566 6.24595
1567 6.24595
1568 6.24595
1569 6.24595
1570 6.24595
1571 6.24595
1572 6.24595
1573 6.24595
1574 6.24595
1575 6.24595
1576 6.24595
1577 6.24595
1578 6.24595
1579 6.24595
1580 6.24595
1581 6.24595
1582 6.24595
1583 6.24595
1584 6.24595
1585 6.24595
1586 6.24595
1587 6.24595
1588 6.24595
1589 6.24595
1590 6.24595
1591 6.24595
1592 6.24595
1593 6.24595
1594 6.24595
1595 6.24595
1596 6.24595
1597 6.24595
1598 6.24595
1599 6.24595
1600 6.24595
1601 6.24595
1602 6.24595
1603 6.24595
1604 6.24595
1605 6.24595
1606 6.24595
1607 6.24595
1608 6.24595
1609 6.24595
1610 6.24595
1611 6.24595
1612 6.24595
1613 6.24595
1614 6.24595
1615 6.24595
1616 6.24595
1617 6.24595
1618 6.24595
1619 6.24595
1620 6.24595
1621 6.24595
1622 6.24595
1623 6.24595
1624 6.24595
1625 6.24595
1626 6.24595
1627 6.24595
1628 6.24595
1629 6.24595
1630 6.24595
1631 6.24595
1632 6.24595
1633 6.24595
1634 6.24595
1635 6.24595
1636 6.24595
1637 6.24595
1638 6.24595
1639 6.24595
1640 6.24595
1641 6.24595
1642 6.24595
1643 6.24595
1644 6.24595
1645 6.24595
1646 6.24595
1647 6.24595
1648 6.24595
1649 6.24595
1650 6.24595
1651 6.24595
1652 6.24595
1653 6.24595
1654 6.24595
1655 6.24595
1656 6.24595
1657 6.24595
1658 6.24595
1659 6.24595
1660 6.24595
1661 6.24595
1662 6.24595
1663 6.24595
1664 6.24595
1665 6.24595
1666 6.24595
1667 6.24595
1668 6.24595
1669 6.24595
1670 6.24595
1671 6.24595
1672 6.24595
1673 6.24595
1674 6.24595
1675 6.24595
1676 6.24595
1677 6.24595
1678 6.24595
1679 6.24595
1680 6.24595
1681 6.24595
1682 6.24595
1683 6.24595
1684 6.24595
1685 6.24595
1686 6.24595
1687 6.24595
1688 6.24595
1689 6.24595
1690 6.24595
1691 6.24595
1692 6.24595
1693 6.24595
1694 6.24595
1695 6.24595
1696 6.24595
1697 6.24595
1698 6.24595
1699 6.24595
1700 6.24595
1701 6.24595
1702 6.24595
1703 6.24595
1704 6.24595
1705 6.24595
1706 6.24595
1707 6.24595
1708 6.24595
1709 6.24595
1710 6.24595
1711 6.24595
1712 6.24595
1713 6.24595
1714 6.24595
1715 6.24595
1716 6.24595
1717 6.24595
1718 6.24595
1719 6.24595
1720 6.24595
1721 6.24595
1722 6.24595
1723 6.24595
1724 6.24595
1725 6.24595
1726 6.24595
1727 6.24595
1728 6.24595
1729 6.24595
1730 6.24595
1731 6.24595
1732 6.24595
1733 6.24595
1734 6.24595
1735 6.24595
1736 6.24595
1737 6.24595
1738 6.24595
1739 6.24595
1740 6.24595
1741 6.24595
1742 6.24595
1743 6.24595
1744 6.24595
1745 6.24595
1746 6.24595
1747 6.24595
1748 6.24595
1749 6.24595
1750 6.24595
1751 6.24595
1752 6.24595
1753 6.24595
1754 6.24595
1755 6.24595
1756 6.24595
1757 6.24595
1758 6.24595
1759 6.24595
1760 6.24595
1761 6.24595
1762 6.24595
1763 6.24595
1764 6.24595
1765 6.24595
1766 6.24595
1767 6.24595
1768 6.24595
1769 6.24595
1770 6.24595
1771 6.24595
1772 6.24595
1773 6.24595
1774 6.24595
1775 6.24595
1776 6.24595
1777 6.24595
1778 6.24595
1779 6.24595
1780 6.24595
1781 6.24595
1782 6.24595
1783 6.24595
1784 6.24595
1785 6.24595
1786 6.24595
1787 6.24595
1788 6.24595
1789 6.24595
1790 6.24595
1791 6.24595
1792 6.24595
1793 6.24595
1794 6.24595
1795 6.24595
1796 6.24595
1797 6.24595
1798 6.24595
1799 6.24595
1800 6.24595
1801 6.24595
1802 6.24595
1803 6.24595
1804 6.24595
1805 6.24595
1806 6.24595
1807 6.24595
1808 6.24595
1809 6.24595
1810 6.24595
1811 6.24595
1812 6.24595
1813 6.24595
1814 6.24595
1815 6.24595
1816 6.24595
1817 6.24595
1818 6.24595
1819 6.24595
1820 6.24595
1821 6.24595
1822 6.24595
1823 6.24595
1824 6.24595
1825 6.24595
1826 6.24595
1827 6.24595
1828 6.24595
1829 6.24595
1830 6.24595
1831 6.24595
1832 6.24595
1833 6.24595
1834 6.24595
1835 6.24595
1836 6.24595
1837 6.24595
1838 6.24595
1839 6.24595
1840 6.24595
1841 6.24595
1842 6.24595
1843 6.24595
1844 6.24595
1845 6.24595
1846 6.24595
1847 6.24595
1848 6.24595
1849 6.24595
1850 6.24595
1851 6.24595
1852 6.24595
1853 6.24595
1854 6.24595
1855 6.24595
1856 6.24595
1857 6.24595
1858 6.24595
1859 6.24595
1860 6.24595
1861 6.24595
1862 6.24595
1863 6.24595
1864 6.24595
1865 6.24595
1866 6.24595
1867 6.24595
1868 6.24595
1869 6.24595
1870 6.24595
1871 6.24595
1872 6.24595
1873 6.24595
1874 6.24595
1875 6.24595
1876 6.24595
1877 6.24595
1878 6.24595
1879 6.24595
1880 6.24595
1881 6.24595
1882 6.24595
1883 6.24595
1884 6.24595
1885 6.24595
1886 6.24595
1887 6.24595
1888 6.24595
1889 6.24595
1890 6.24595
1891 6.24595
1892 6.24595
1893 6.24595
1894 6.24595
1895 6.24595
1896 6.24595
1897 6.24595
1898 6.24595
1899 6.24595
1900 6.24595
1901 6.24595
1902 6.24595
1903 6.24595
1904 6.24595
1905 6.24595
1906 6.24595
1907 6.24595
1908 6.24595
1909 6.24595
1910 6.24595
1911 6.24595
1912 6.24595
1913 6.24595
1914 6.24595
1915 6.24595
1916 6.24595
1917 6.24595
1918 6.24595
1919 6.24595
1920 6.24595
1921 6.24595
1922 6.24595
1923 6.24595
1924 6.24595
1925 6.24595
1926 6.24595
1927 6.24595
1928 6.24595
1929 6.24595
1930 6.24595
1931 6.24595
1932 6.24595
1933 6.24595
1934 6.24595
1935 6.24595
1936 6.24595
1937 6.24595
1938 6.24595
1939 6.24595
1940 6.24595
1941 6.24595
1942 6.24595
1943 6.24595
1944 6.24595
1945 6.24595
1946 6.24595
1947 6.24595
1948 6.24595
1949 6.24595
1950 6.24595
1951 6.24595
1952 6.24595
1953 6.24595
1954 6.24595
1955 6.24595
1956 6.24595
1957 6.24595
1958 6.24595
1959 6.24595
1960 6.24595
1961 6.24595
1962 6.24595
1963 6.24595
1964 6.24595
1965 6.24595
1966 6.24595
1967 6.24595
1968 6.24595
1969 6.24595
1970 6.24595
1971 6.24595
1972 6.24595
1973 6.24595
1974 6.24595
1975 6.24595
1976 6.24595
1977 6.24595
1978 6.24595
1979 6.24595
1980 6.24595
1981 6.24595
1982 6.24595
1983 6.24595
1984 6.24595
1985 6.24595
1986 6.24595
1987 6.24595
1988 6.24595
1989 6.24595
1990 6.24595
1991 6.24595
1992 6.24595
1993 6.24595
1994 6.24595
1995 6.24595
1996 6.24595
1997 6.24595
1998 6.24595
1999 6.24595
2000 6.24595
